V scan decca44(64415bc)*;f94aeff
V prime decca44(64415bc)*;f94aeff
V multi 755663e(64415bc);f94aeff
V ladder 755663e(64415bc);f94aeff
V qs 755663e(64415bc);f94aeff
V walk 755663e(64415bc)*;f94aeff
V w1s 755663e(64415bc)*;f94aeff
V leaf 134f11e(64415bc)*;f94aeff
V tail 134f11e(64415bc)*;f94aeff
V situ decca44(64415bc)*;f94aeff
S 24 3 0.2657 0.1538 0.0000
S 24 5 0.2949 0.1597 0.0577
S 24 7 0.2964 0.1570 0.0517
S 24 11 0.2933 0.1542 0.1405
S 24 13 0.2976 0.1445 0.1590
S 24 17 0.3045 0.1434 -0.1233
S 24 23 0.3390 0.1452 -0.0836
S 24 31 0.3468 0.1389 -0.0665
S 24 47 0.3769 0.1401 -0.0400
S 24 101 0.4748 0.2298 0.0518
S 24 211 0.6270 0.5322 0.1986
S 24 503 0.9907 0.5653 0.4334
S 24 997 1.4848 0.5500 0.9374
S 24 1009 0.4987 0.8151 -0.1289
S 24 2003 1.4804 0.8333 0.9075
S 24 3989 3.1951 0.8550 2.6885
S 24 4001 0.8445 0.8722 0.2096
S 24 8009 4.0952 0.8796 3.5865
S 24 15991 9.8236 0.8737 9.4534
S 24 16001 1.2511 0.8577 0.5574
S 24 24001 6.7806 0.9005 6.2946
S 24 31991 12.0005 0.9098 11.6863
S 24 32003 1.8725 0.8980 1.1281
S 24 48017 12.2998 0.9430 11.6644
S 24 63997 22.6938 0.9980 21.9489
S 24 64007 1.9168 0.8668 1.1236
L 24 64007
S 40 3 0.2988 0.1831 0.0000
S 40 5 0.3088 0.1834 -0.0032
S 40 7 0.3119 0.1844 0.0041
S 40 11 0.3313 0.1863 0.0355
S 40 13 0.3326 0.1861 0.0139
S 40 17 0.3356 0.1830 -0.0103
S 40 23 0.3614 0.1795 -0.1289
S 40 31 0.3924 0.1857 0.0529
S 40 47 0.4025 0.1822 -0.0811
S 40 101 0.4917 0.3000 -0.0603
S 40 211 0.6398 0.6182 0.0079
S 40 503 0.9757 0.6267 -0.3819
S 40 997 1.4495 0.6115 -0.0276
S 40 1009 0.4832 0.9551 -1.1966
S 40 2003 1.4426 0.9530 -0.7249
S 40 3989 3.1098 0.8005 0.9937
S 40 4001 0.8031 0.7867 -1.6377
S 40 8009 4.0567 0.8716 1.4195
S 40 15991 9.9324 0.8983 7.3459
S 40 16001 1.2714 0.8827 -1.8383
S 40 24001 6.8842 0.9138 3.8606
S 40 31991 12.2084 0.9565 9.2171
S 40 32003 1.8966 0.9311 -1.2452
S 40 48017 12.6420 1.0332 9.6289
S 40 63997 22.7569 1.0948 19.7107
S 40 64007 1.9116 0.8426 -1.3273
L 40 64007
S 56 3 0.3478 0.2331 0.0000
S 56 5 0.3451 0.2223 -0.3152
S 56 7 0.3532 0.2259 -0.2215
S 56 11 0.3654 0.2256 -0.2410
S 56 13 0.3773 0.2269 -0.1954
S 56 17 0.3651 0.2226 -0.4069
S 56 23 0.4148 0.2296 -0.1545
S 56 31 0.4257 0.2223 -0.2098
S 56 47 0.4406 0.2207 -0.2541
S 56 101 0.5389 0.3713 -0.1906
S 56 211 0.6767 0.6957 -0.1725
S 56 503 1.0259 0.7042 0.1432
S 56 997 1.5326 0.7105 0.6676
S 56 1009 0.5611 1.1033 -0.5673
S 56 2003 1.5475 1.1320 0.4563
S 56 3989 3.2406 1.1036 2.0581
S 56 4001 0.9062 1.1050 -0.5879
S 56 8009 4.0977 1.1326 2.7109
S 56 15991 9.9024 1.1470 8.6153
S 56 16001 1.3530 1.1505 -0.4925
S 56 24001 6.8885 1.1701 5.2194
S 56 31991 12.1566 1.2071 10.6137
S 56 32003 2.0152 1.2059 -0.1257
S 56 48017 12.4072 1.2377 10.3853
S 56 63997 22.5922 1.2456 20.4508
S 56 64007 1.8293 0.9677 -1.3281
L 56 64007
S 64 3 0.3547 0.2468 0.0000
S 64 5 0.3843 0.2476 -0.5359
S 64 7 0.3847 0.2395 -0.7147
S 64 11 0.3835 0.2394 -0.7479
S 64 13 0.3989 0.2378 -0.7444
S 64 17 0.4028 0.2353 -0.7549
S 64 23 0.4340 0.2459 -0.4858
S 64 31 0.4733 0.2440 -0.4166
S 64 47 0.4787 0.2458 -0.5268
S 64 101 0.5677 0.4075 -0.5733
S 64 211 0.7191 0.9356 -0.4178
S 64 503 1.0752 0.9653 -0.0577
S 64 997 1.5832 0.9678 0.4096
S 64 1009 0.7001 3.1129 -0.3685
S 64 2003 1.7031 3.1432 0.7612
S 64 3989 3.5733 3.2265 2.7849
S 64 4001 1.4146 3.1207 1.3660
S 64 8009 4.6533 3.1614 4.7861
S 64 15991 10.5437 3.1655 10.8084
S 64 16001 2.3215 3.1315 3.5985
S 64 24001 7.3354 2.5148 8.0929
S 64 31991 13.1319 3.2262 14.8563
S 64 32003 3.9410 3.2306 8.3093
S 64 48017 13.1890 2.5962 16.5537
S 64 63997 24.7557 3.2791 29.7930
S 64 64007 3.7463 2.7251 6.9930
L 64 64007
S 72 3 0.5873 0.2559 0.0000
S 72 5 0.5989 0.2600 0.5707
S 72 7 0.6146 0.2572 -0.0413
S 72 11 0.6179 0.2541 -0.1248
S 72 13 0.6175 0.2545 -0.2933
S 72 17 0.6351 0.2563 0.5026
S 72 23 0.6868 0.2584 0.7958
S 72 31 0.6996 0.2578 0.8976
S 72 47 0.7112 0.2570 0.7705
S 72 101 0.8155 0.4239 1.4866
S 72 211 0.9651 0.9021 1.2040
S 72 503 1.2514 1.0026 -13.3454
S 72 997 1.7709 1.0022 -14.3672
S 72 1009 1.2499 3.1576 -15.1388
S 72 2003 2.2623 3.1758 -14.6838
S 72 3989 4.0370 3.2115 -12.8621
S 72 4001 3.3508 3.1861 -13.9099
S 72 8009 6.6536 3.2228 -10.5730
S 72 15991 12.7112 3.2164 -4.4902
S 72 16001 6.0553 3.0546 -11.6711
S 72 24001 11.8048 3.1206 -5.8196
S 72 31991 17.2416 3.1684 -0.3241
S 72 32003 11.2677 3.1372 -6.8718
S 72 48017 22.1161 3.2050 4.0062
S 72 63997 32.5599 3.2384 14.3281
S 72 64007 11.0081 2.8487 -8.0940
L 72 64007
S 80 3 0.6067 0.2548 0.0000
S 80 5 0.6311 0.2588 0.2868
S 80 7 0.6433 0.2590 0.5596
S 80 11 0.6513 0.2596 0.5126
S 80 13 0.6579 0.2579 0.6276
S 80 17 0.6639 0.2569 0.3525
S 80 23 0.7156 0.2587 0.8140
S 80 31 0.7272 0.2580 0.5116
S 80 47 0.7311 0.2579 0.6729
S 80 101 0.8309 0.4238 0.3540
S 80 211 0.9865 0.9172 0.3973
S 80 503 1.3358 0.9212 0.9701
S 80 997 1.8499 0.9197 1.4683
S 80 1009 1.3406 2.9715 0.4592
S 80 2003 2.3693 3.0065 1.6924
S 80 3989 4.1165 3.0130 3.4046
S 80 4001 3.4692 3.0130 2.0232
S 80 8009 6.8041 3.0802 5.6591
S 80 15991 12.9082 3.2351 12.8060
S 80 16001 6.2276 3.2205 3.8172
S 80 24001 12.0327 3.2930 10.0191
S 80 31991 17.5326 3.4165 15.6211
S 80 32003 11.3974 3.3799 6.6373
S 80 48017 22.3180 3.4703 17.2092
S 80 63997 33.1673 3.5765 28.1664
S 80 64007 11.3237 3.4066 -0.0336
L 80 64007
S 81 3 0.6284 0.2604 0.0000
S 81 5 0.6390 0.2605 0.3280
S 81 7 0.6366 0.2592 -0.1825
S 81 11 0.6524 0.2597 -0.0648
S 81 13 0.6574 0.2582 -0.2886
S 81 17 0.6682 0.2591 -0.1800
S 81 23 0.7159 0.2576 -0.3821
S 81 31 0.7222 0.2559 -0.3943
S 81 47 0.7293 0.2569 -0.4420
S 81 101 0.8358 0.4191 -0.2230
S 81 211 0.9802 0.9220 -0.0485
S 81 503 1.3365 0.9233 0.3167
S 81 997 1.8503 0.9264 0.8644
S 81 1009 1.3540 2.9925 -0.3396
S 81 2003 2.3690 3.0010 0.6998
S 81 3989 4.1289 3.0329 2.7481
S 81 4001 3.4962 3.0445 1.3011
S 81 8009 6.8054 3.0877 4.8632
S 81 15991 12.8394 3.1829 11.2282
S 81 16001 6.2715 3.2137 2.7331
S 81 24001 12.0313 3.2451 8.3984
S 81 31991 17.5420 3.3384 14.6192
S 81 32003 11.5485 3.3997 6.1295
S 81 48017 22.5737 3.5544 17.6353
S 81 63997 33.3035 3.6181 28.3900
S 81 64007 11.3281 3.3766 -0.2642
L 81 64007
S 128 3 0.7311 0.2596 0.0000
S 128 5 0.7302 0.2565 -0.8113
S 128 7 0.7548 0.2592 -0.4161
S 128 11 0.7592 0.2620 -0.1302
S 128 13 0.7925 0.2635 0.1983
S 128 17 0.7746 0.2566 -0.4611
S 128 23 0.8300 0.2582 -0.3275
S 128 31 0.8267 0.2576 -0.5312
S 128 47 0.8495 0.2590 -0.5911
S 128 101 0.9549 0.4294 -0.0627
S 128 211 1.1137 1.4274 0.2048
S 128 503 1.4586 1.5077 1.0368
S 128 997 2.0467 1.5608 2.5456
S 128 1009 1.6321 6.3933 2.3116
S 128 2003 2.6389 6.2415 2.5880
S 128 3989 4.3656 6.1986 4.1310
S 128 4001 3.6951 6.1227 3.2639
S 128 8009 7.0771 6.2515 6.9054
S 128 15991 13.1234 6.3319 13.3233
S 128 16001 6.3931 6.2937 4.6731
S 128 24001 12.5716 5.7273 9.9922
S 128 31991 17.8915 6.4854 17.9173
S 128 32003 11.4529 6.5138 9.7129
S 128 48017 23.3109 6.0133 20.6092
S 128 63997 33.6216 6.5090 34.2479
S 128 64007 11.3478 6.9031 3.6455
L 128 64007
S 136 3 1.1896 0.2661 0.0000
S 136 5 1.2069 0.2687 -0.0615
S 136 7 1.2169 0.2661 -0.0515
S 136 11 1.2278 0.2659 -0.5157
S 136 13 1.2371 0.2632 -0.4366
S 136 17 1.2490 0.2632 -0.2258
S 136 23 1.3134 0.2704 0.5248
S 136 31 1.3516 0.2731 0.8984
S 136 47 1.3236 0.2624 -0.0514
S 136 101 1.4613 0.4361 1.6673
S 136 211 1.7006 1.5167 2.1313
S 136 503 2.0461 1.5183 -7.4607
S 136 997 2.5362 1.4764 -7.3251
S 136 1009 2.5048 5.8242 -8.1253
S 136 2003 3.7437 6.0420 -5.7861
S 136 3989 5.5857 5.9616 -4.7437
S 136 4001 5.7242 5.9777 -5.4171
S 136 8009 9.7529 6.2280 -0.6403
S 136 15991 16.1029 6.1701 5.0451
S 136 16001 9.7836 6.1942 -3.7476
S 136 24001 16.7206 6.3776 4.1525
S 136 31991 23.3475 6.4900 10.9530
S 136 32003 17.3732 6.4503 1.7687
S 136 48017 29.7365 6.4032 13.9122
S 136 63997 41.4696 6.1615 25.2343
S 136 64007 17.0426 6.5539 -5.2601
L 136 64007
P 16 64007 1.00000 0.2153
R 16 0.3565 0.1224
P 18 64007 1.00000 0.3332
R 18 0.4476 0.1452
P 20 64007 1.00000 0.3750
R 20 0.4839 0.1490
P 21 64007 1.00000 0.6634
R 21 0.5152 0.1616
P 22 64007 1.00000 0.6662
R 22 0.5256 0.1766
P 24 64007 1.00000 0.7047
R 24 0.5704 0.1823
P 28 64007 1.00000 0.7802
R 28 0.6387 0.2009
P 32 64007 0.99965 0.8434
R 32 0.7066 0.2251
P 40 64007 0.71905 0.9112
R 40 0.6913 0.2656
P 48 64007 0.59735 1.0120
R 48 0.7188 0.3453
P 56 64007 0.51275 1.1328
R 56 0.7561 0.3566
P 64 64007 0.44170 1.2758
R 64 0.9950 0.5925
P 65 64007 0.43920 6.2652
R 65 8.1446 1.3256
P 72 64007 0.39395 6.5253
R 72 7.9521 1.5482
P 80 64007 0.35965 6.8122
R 80 8.1737 1.5069
P 96 64007 0.29530 6.7460
R 96 8.1104 1.6292
P 112 64007 0.25275 7.1609
R 112 8.6146 1.8593
P 128 64007 0.22330 7.3138
R 128 9.4292 2.0732
P 129 64007 0.22315 13.5867
R 129 16.8171 3.4561
3 1 16 64007 1.0000 0.0000 0.0000 0.0000 0.677 0.000
3 1 20 64007 1.0000 0.0000 0.0000 0.0000 0.215 0.000
3 1 24 64007 1.0000 0.0000 0.0000 0.0000 0.419 0.000
3 1 28 64007 1.0000 0.0000 0.0000 0.0000 0.770 0.000
3 1 32 64007 1.0000 0.0000 0.0000 0.0000 2.096 0.000
3 1 36 64007 1.0000 0.0000 0.0000 0.0000 5.770 0.000
3 1 40 64007 1.0000 0.0000 0.0000 0.0000 7.253 0.000
3 1 44 64007 1.0000 0.0000 0.0000 0.0000 5.855 0.000
3 1 48 64007 1.0000 0.0000 0.0000 0.0000 6.129 0.000
3 1 52 64007 1.0000 0.0000 0.0000 0.0000 6.648 0.000
3 1 56 64007 1.0000 0.0000 0.0000 0.0000 7.385 0.000
3 1 60 64007 1.0000 0.0000 0.0000 0.0000 8.711 0.000
3 1 64 64007 1.0000 0.0000 0.0000 0.0000 11.010 0.000
3 1 65 64007 1.0000 0.0000 0.0000 0.0000 25.011 0.000
3 1 72 64007 1.0000 0.0000 0.0000 0.0000 23.324 0.000
3 1 80 64007 1.0000 0.0000 0.0000 0.0000 23.615 0.000
3 1 96 64007 1.0000 0.0000 0.0000 0.0000 26.277 0.000
3 1 112 64007 1.0000 0.0000 0.0000 0.0000 26.311 0.000
3 1 128 64007 1.0000 0.0000 0.0000 0.0000 26.068 0.000
3 1 129 64007 1.0000 0.0000 0.0000 0.0000 37.497 0.000
3 2 16 64007 0.0000 1.0000 0.0000 0.0000 0.814 0.000
3 2 20 64007 0.0000 1.0000 0.0000 0.0000 0.291 0.000
3 2 24 64007 0.0000 1.0000 0.0000 0.0000 0.502 0.000
3 2 28 64007 0.0000 1.0000 0.0000 0.0000 0.872 0.000
3 2 32 64007 0.0004 0.9996 0.0000 0.0000 2.398 0.000
3 2 36 64007 0.1732 0.8268 0.0000 0.0000 7.422 0.000
3 2 40 64007 0.2766 0.7234 0.0000 0.0000 7.669 0.000
3 2 44 64007 0.3660 0.6340 0.0000 0.0000 7.581 0.000
3 2 48 64007 0.3898 0.6102 0.0000 0.0000 7.183 0.000
3 2 52 64007 0.4510 0.5490 0.0000 0.0000 7.382 0.000
3 2 56 64007 0.4888 0.5112 0.0000 0.0000 7.964 0.000
3 2 60 64007 0.5138 0.4862 0.0000 0.0000 7.613 0.000
3 2 64 64007 0.5598 0.4402 0.0000 0.0000 8.565 0.000
3 2 65 64007 0.5345 0.4655 0.0000 0.0000 21.934 0.000
3 2 72 64007 0.6210 0.3790 0.0000 0.0000 20.339 0.000
3 2 80 64007 0.6405 0.3595 0.0000 0.0000 20.397 0.000
3 2 96 64007 0.6660 0.3340 0.0000 0.0000 21.672 0.000
3 2 112 64007 0.7280 0.2720 0.0000 0.0000 24.447 0.000
3 2 128 64007 0.7680 0.2320 0.0000 0.0000 21.090 0.000
3 2 129 64007 0.7940 0.2060 0.0000 0.0000 31.955 0.000
4 1 16 64007 1.0000 0.0000 0.0000 0.0000 0.612 0.000
4 1 20 64007 1.0000 0.0000 0.0000 0.0000 0.204 0.000
4 1 24 64007 1.0000 0.0000 0.0000 0.0000 0.413 0.000
4 1 28 64007 1.0000 0.0000 0.0000 0.0000 0.703 0.000
4 1 32 64007 0.9996 0.0000 0.0004 1.0000 2.007 7.537
4 1 36 64007 0.8268 0.0000 0.1732 1.0000 5.496 9.993
4 1 40 64007 0.7234 0.0000 0.2766 1.0000 5.714 14.621
4 1 44 64007 0.6340 0.0000 0.3660 1.0000 5.622 20.836
4 1 48 64007 0.6102 0.0000 0.3898 1.0000 6.425 30.535
4 1 52 64007 0.5490 0.0000 0.4510 0.9876 6.247 43.178
4 1 56 64007 0.5112 0.0000 0.4888 0.9542 6.227 64.887
4 1 60 64007 0.4862 0.0000 0.5138 0.9183 6.488 97.835
4 1 64 64007 0.4402 0.0000 0.5598 0.8832 11.386 357.141
4 1 65 64007 0.4655 0.0000 0.5345 0.8653 30.597 638.424
4 1 72 64007 0.3790 0.0000 0.6210 0.8366 25.156 589.437
4 1 80 64007 0.3595 0.0000 0.6405 0.7611 25.069 840.770
4 1 96 64007 0.3340 0.0000 0.6660 0.6877 26.588 2894.176
4 1 112 64007 0.2720 0.0000 0.7280 0.6621 27.563 7957.834
4 1 128 64007 0.2320 0.0000 0.7680 0.5573 27.585 31904.638
4 1 129 64007 0.2060 0.0000 0.7940 0.5844 39.342 46633.713
6 1 16 64007 1.0000 0.0000 0.0000 0.0000 0.655 0.000
6 1 20 64007 1.0000 0.0000 0.0000 0.0000 0.206 0.000
6 1 24 64007 1.0000 0.0000 0.0000 0.0000 0.438 0.000
6 1 28 64007 1.0000 0.0000 0.0000 0.0000 0.736 0.000
6 1 32 64007 0.9996 0.0000 0.0004 0.0000 1.997 7.787
6 1 36 64007 0.8268 0.0000 0.1732 0.0000 5.640 10.106
6 1 40 64007 0.7234 0.0000 0.2766 0.0000 5.944 12.667
6 1 44 64007 0.6340 0.0000 0.3660 0.0000 8.064 20.711
6 1 48 64007 0.6102 0.0000 0.3898 0.0000 6.527 27.822
6 1 52 64007 0.5490 0.0000 0.4510 0.0000 6.671 40.366
6 1 56 64007 0.5112 0.0000 0.4888 0.0000 7.603 64.720
6 1 60 64007 0.4862 0.0000 0.5138 0.0000 7.395 98.940
6 1 64 64007 0.4402 0.0000 0.5598 0.0000 9.804 318.634
6 1 65 64007 0.4655 0.0000 0.5345 0.0000 25.050 501.974
6 1 72 64007 0.3790 0.0000 0.6210 0.0000 23.613 537.051
6 1 80 64007 0.3595 0.0000 0.6405 0.0000 22.123 761.197
6 1 96 64007 0.3340 0.0000 0.6660 0.0000 24.596 2643.900
6 1 112 64007 0.2720 0.0000 0.7280 0.0000 27.585 7638.520
6 1 128 64007 0.2320 0.0000 0.7680 0.0000 27.942 31169.269
6 1 129 64007 0.2060 0.0000 0.7940 0.0000 37.285 44153.150
8 1 16 64007 1.0000 0.0000 0.0000 0.0000 0.729 0.000
8 1 20 64007 1.0000 0.0000 0.0000 0.0000 0.224 0.000
8 1 24 64007 1.0000 0.0000 0.0000 0.0000 0.417 0.000
8 1 28 64007 1.0000 0.0000 0.0000 0.0000 0.759 0.000
8 1 32 64007 0.9996 0.0000 0.0004 0.0000 2.488 8.347
8 1 36 64007 0.8268 0.0000 0.1732 0.0000 5.921 10.244
8 1 40 64007 0.7234 0.0000 0.2766 0.0000 6.861 16.264
8 1 44 64007 0.6340 0.0000 0.3660 0.0000 6.135 21.556
8 1 48 64007 0.6102 0.0000 0.3898 0.0000 6.416 30.645
8 1 52 64007 0.5490 0.0000 0.4510 0.0124 6.250 43.249
8 1 56 64007 0.5112 0.0000 0.4888 0.0458 6.755 67.620
8 1 60 64007 0.4862 0.0000 0.5138 0.0817 7.357 104.279
8 1 64 64007 0.4402 0.0000 0.5598 0.1168 9.247 315.236
8 1 65 64007 0.4655 0.0000 0.5345 0.1347 23.640 491.205
8 1 72 64007 0.3790 0.0000 0.6210 0.1634 22.510 533.971
8 1 80 64007 0.3595 0.0000 0.6405 0.2295 21.918 788.828
8 1 96 64007 0.3340 0.0000 0.6660 0.2613 23.258 2807.648
8 1 112 64007 0.2720 0.0000 0.7280 0.2857 30.858 9611.000
8 1 128 64007 0.2320 0.0000 0.7680 0.3490 29.411 35167.004
8 1 129 64007 0.2060 0.0000 0.7940 0.3174 40.975 50759.807
12 1 16 64007 1.0000 0.0000 0.0000 0.0000 0.616 0.000
12 1 20 64007 1.0000 0.0000 0.0000 0.0000 0.201 0.000
12 1 24 64007 1.0000 0.0000 0.0000 0.0000 0.383 0.000
12 1 28 64007 1.0000 0.0000 0.0000 0.0000 0.701 0.000
12 1 32 64007 0.9996 0.0000 0.0004 0.0000 1.975 12.759
12 1 36 64007 0.8268 0.0000 0.1732 0.0000 5.365 9.907
12 1 40 64007 0.7234 0.0000 0.2766 0.0000 5.499 14.717
12 1 44 64007 0.6340 0.0000 0.3660 0.0000 5.792 21.330
12 1 48 64007 0.6102 0.0000 0.3898 0.0000 6.802 31.621
12 1 52 64007 0.5490 0.0000 0.4510 0.0000 6.334 43.417
12 1 56 64007 0.5112 0.0000 0.4888 0.0000 6.519 66.172
12 1 60 64007 0.4862 0.0000 0.5138 0.0000 7.130 103.271
12 1 64 64007 0.4402 0.0000 0.5598 0.0000 8.982 313.167
12 1 65 64007 0.4655 0.0000 0.5345 0.0000 24.330 510.763
12 1 72 64007 0.3790 0.0000 0.6210 0.0000 22.047 530.283
12 1 80 64007 0.3595 0.0000 0.6405 0.0000 24.363 823.550
12 1 96 64007 0.3340 0.0000 0.6660 0.0000 25.318 2883.084
12 1 112 64007 0.2720 0.0000 0.7280 0.0000 27.199 8708.985
12 1 128 64007 0.2320 0.0000 0.7680 0.0000 31.097 36480.628
12 1 129 64007 0.2060 0.0000 0.7940 0.0000 39.694 50221.826
16 1 16 64007 1.0000 0.0000 0.0000 0.0000 0.602 0.000
16 1 20 64007 1.0000 0.0000 0.0000 0.0000 0.206 0.000
16 1 24 64007 1.0000 0.0000 0.0000 0.0000 0.392 0.000
16 1 28 64007 1.0000 0.0000 0.0000 0.0000 0.697 0.000
16 1 32 64007 0.9996 0.0000 0.0004 0.0000 1.940 7.803
16 1 36 64007 0.8268 0.0000 0.1732 0.0000 5.399 9.984
16 1 40 64007 0.7234 0.0000 0.2766 0.0000 5.524 14.646
16 1 44 64007 0.6340 0.0000 0.3660 0.0000 5.635 20.851
16 1 48 64007 0.6102 0.0000 0.3898 0.0000 5.940 29.546
16 1 52 64007 0.5490 0.0000 0.4510 0.0000 6.572 44.495
16 1 56 64007 0.5112 0.0000 0.4888 0.0000 6.481 66.975
16 1 60 64007 0.4862 0.0000 0.5138 0.0000 6.351 98.929
16 1 64 64007 0.4402 0.0000 0.5598 0.0000 8.812 310.832
16 1 65 64007 0.4655 0.0000 0.5345 0.0000 22.945 476.310
16 1 72 64007 0.3790 0.0000 0.6210 0.0000 22.587 535.986
16 1 80 64007 0.3595 0.0000 0.6405 0.0094 25.635 892.782
16 1 96 64007 0.3340 0.0000 0.6660 0.0511 26.791 3065.913
16 1 112 64007 0.2720 0.0000 0.7280 0.0522 29.998 9324.099
16 1 128 64007 0.2320 0.0000 0.7680 0.0885 30.386 36900.171
16 1 129 64007 0.2060 0.0000 0.7940 0.0957 37.767 48567.306
24 1 16 64007 1.0000 0.0000 0.0000 0.0000 0.742 0.000
24 1 20 64007 1.0000 0.0000 0.0000 0.0000 0.264 0.000
24 1 24 64007 1.0000 0.0000 0.0000 0.0000 0.432 0.000
24 1 28 64007 1.0000 0.0000 0.0000 0.0000 0.757 0.000
24 1 32 64007 0.9996 0.0000 0.0004 0.0000 2.743 9.308
24 1 36 64007 0.8268 0.0000 0.1732 0.0000 6.184 10.822
24 1 40 64007 0.7234 0.0000 0.2766 0.0000 6.735 16.270
24 1 44 64007 0.6340 0.0000 0.3660 0.0000 6.344 21.886
24 1 48 64007 0.6102 0.0000 0.3898 0.0000 6.270 30.520
24 1 52 64007 0.5490 0.0000 0.4510 0.0000 6.639 44.651
24 1 56 64007 0.5112 0.0000 0.4888 0.0000 6.458 67.123
24 1 60 64007 0.4862 0.0000 0.5138 0.0000 7.184 103.403
24 1 64 64007 0.4402 0.0000 0.5598 0.0000 9.214 317.827
24 1 65 64007 0.4655 0.0000 0.5345 0.0000 24.096 507.489
24 1 72 64007 0.3790 0.0000 0.6210 0.0000 22.332 531.007
24 1 80 64007 0.3595 0.0000 0.6405 0.0000 24.025 815.160
24 1 96 64007 0.3340 0.0000 0.6660 0.0000 24.922 2852.961
24 1 112 64007 0.2720 0.0000 0.7280 0.0000 26.796 8559.185
24 1 128 64007 0.2320 0.0000 0.7680 0.0000 30.154 36393.289
24 1 129 64007 0.2060 0.0000 0.7940 0.0000 38.078 48512.431
32 1 16 64007 1.0000 0.0000 0.0000 0.0000 0.690 0.000
32 1 20 64007 1.0000 0.0000 0.0000 0.0000 0.218 0.000
32 1 24 64007 1.0000 0.0000 0.0000 0.0000 0.396 0.000
32 1 28 64007 1.0000 0.0000 0.0000 0.0000 0.732 0.000
32 1 32 64007 0.9996 0.0000 0.0004 0.0000 2.072 8.739
32 1 36 64007 0.8268 0.0000 0.1732 0.0000 5.609 10.288
32 1 40 64007 0.7234 0.0000 0.2766 0.0000 5.611 14.807
32 1 44 64007 0.6340 0.0000 0.3660 0.0000 5.776 20.969
32 1 48 64007 0.6102 0.0000 0.3898 0.0000 6.229 30.243
32 1 52 64007 0.5490 0.0000 0.4510 0.0000 6.290 43.531
32 1 56 64007 0.5112 0.0000 0.4888 0.0000 6.402 66.675
32 1 60 64007 0.4862 0.0000 0.5138 0.0000 6.699 100.357
32 1 64 64007 0.4402 0.0000 0.5598 0.0000 8.983 311.753
32 1 65 64007 0.4655 0.0000 0.5345 0.0000 23.258 478.094
32 1 72 64007 0.3790 0.0000 0.6210 0.0000 23.048 565.987
32 1 80 64007 0.3595 0.0000 0.6405 0.0000 23.467 817.068
32 1 96 64007 0.3340 0.0000 0.6660 0.0000 23.735 2796.713
32 1 112 64007 0.2720 0.0000 0.7280 0.0000 26.676 8622.196
32 1 128 64007 0.2320 0.0000 0.7680 0.0052 29.142 35258.601
32 1 129 64007 0.2060 0.0000 0.7940 0.0025 36.707 47873.722
48 1 16 64007 1.0000 0.0000 0.0000 0.0000 0.633 0.000
48 1 20 64007 1.0000 0.0000 0.0000 0.0000 0.219 0.000
48 1 24 64007 1.0000 0.0000 0.0000 0.0000 0.457 0.000
48 1 28 64007 1.0000 0.0000 0.0000 0.0000 0.733 0.000
48 1 32 64007 0.9996 0.0000 0.0004 0.0000 1.964 7.091
48 1 36 64007 0.8268 0.0000 0.1732 0.0000 5.495 10.017
48 1 40 64007 0.7234 0.0000 0.2766 0.0000 5.549 14.754
48 1 44 64007 0.6340 0.0000 0.3660 0.0000 5.552 20.501
48 1 48 64007 0.6102 0.0000 0.3898 0.0000 5.936 29.751
48 1 52 64007 0.5490 0.0000 0.4510 0.0000 6.050 42.899
48 1 56 64007 0.5112 0.0000 0.4888 0.0000 6.260 66.177
48 1 60 64007 0.4862 0.0000 0.5138 0.0000 6.637 100.973
48 1 64 64007 0.4402 0.0000 0.5598 0.0000 8.549 306.854
48 1 65 64007 0.4655 0.0000 0.5345 0.0000 21.651 464.062
48 1 72 64007 0.3790 0.0000 0.6210 0.0000 21.114 516.060
48 1 80 64007 0.3595 0.0000 0.6405 0.0000 23.060 807.675
48 1 96 64007 0.3340 0.0000 0.6660 0.0000 26.459 3037.124
48 1 112 64007 0.2720 0.0000 0.7280 0.0000 27.167 8533.103
48 1 128 64007 0.2320 0.0000 0.7680 0.0000 30.130 36765.278
48 1 129 64007 0.2060 0.0000 0.7940 0.0000 38.558 49320.785
96 1 16 64007 1.0000 0.0000 0.0000 0.0000 0.846 0.000
96 1 20 64007 1.0000 0.0000 0.0000 0.0000 0.233 0.000
96 1 24 64007 1.0000 0.0000 0.0000 0.0000 0.421 0.000
96 1 28 64007 1.0000 0.0000 0.0000 0.0000 0.789 0.000
96 1 32 64007 0.9996 0.0000 0.0004 0.0000 2.389 9.975
96 1 36 64007 0.8268 0.0000 0.1732 0.0000 6.459 10.977
96 1 40 64007 0.7234 0.0000 0.2766 0.0000 6.303 16.070
96 1 44 64007 0.6340 0.0000 0.3660 0.0000 6.168 22.059
96 1 48 64007 0.6102 0.0000 0.3898 0.0000 6.811 31.802
96 1 52 64007 0.5490 0.0000 0.4510 0.0000 7.707 47.761
96 1 56 64007 0.5112 0.0000 0.4888 0.0000 7.144 70.064
96 1 60 64007 0.4862 0.0000 0.5138 0.0000 8.670 113.437
96 1 64 64007 0.4402 0.0000 0.5598 0.0000 9.725 332.315
96 1 65 64007 0.4655 0.0000 0.5345 0.0000 25.594 534.142
96 1 72 64007 0.3790 0.0000 0.6210 0.0000 23.866 556.759
96 1 80 64007 0.3595 0.0000 0.6405 0.0000 23.830 825.042
96 1 96 64007 0.3340 0.0000 0.6660 0.0000 25.982 2996.807
96 1 112 64007 0.2720 0.0000 0.7280 0.0000 29.568 8727.202
96 1 128 64007 0.2320 0.0000 0.7680 0.0000 28.741 34831.186
96 1 129 64007 0.2060 0.0000 0.7940 0.0000 38.979 48790.082
G 36 2 1.000000 9.6577 1.000000 17.41 1.0000
G 36 0 0.000000
G 40 2 1.000000 11.9880 1.000000 18.41 1.0000
G 40 0 0.000000
G 44 2 1.000000 18.0530 1.000000 19.39 1.0000
G 44 0 0.000000
G 48 2 1.000000 26.7764 1.000000 20.29 1.0000
G 48 0 0.000000
G 52 2 1.000000 42.0907 1.000000 21.15 0.9887
G 52 0 0.000000
G 53 2 1.000000 44.2511 1.000000 21.34 0.9807
G 53 0 0.000000
G 56 2 1.000000 61.1739 1.000000 22.01 0.9610
G 56 0 0.000000
G 58 2 1.000000 78.0484 1.000000 22.36 0.9267
G 58 0 0.000000
G 60 2 1.000000 102.4333 1.000000 22.86 0.9183
G 60 0 0.000000
G 63 2 1.000000 142.5387 1.000000 23.24 0.8970
G 63 0 0.000000
G 64 8 1.000000 132.0247 0.712667 23.22 0.8499
G 64 10 0.287333 708.9038 1.000000 26.85 0.9988
G 64 0 0.000000
G 68 3 1.000000 92.7105 0.495333 22.40 0.7308
G 68 4 0.504667 766.7205 1.000000 26.33 0.9643
G 68 0 0.000000
G 72 3 1.000000 94.8473 0.436000 22.76 0.6881
G 72 4 0.564000 857.7388 1.000000 27.46 0.9456
G 72 0 0.000000
G 76 3 1.000000 91.9146 0.426667 22.48 0.6406
G 76 4 0.573333 1081.4788 1.000000 28.44 0.9209
G 76 0 0.000000
G 77 3 1.000000 93.8741 0.421333 22.37 0.5981
G 77 4 0.578667 1159.2538 1.000000 28.92 0.9366
G 77 0 0.000000
G 80 3 1.000000 91.0620 0.428000 22.23 0.5919
G 80 4 0.572000 1302.3405 1.000000 29.60 0.9114
G 80 0 0.000000
G 84 3 1.000000 91.1852 0.417333 22.75 0.5591
G 84 4 0.582667 1579.2041 1.000000 30.58 0.9005
G 84 0 0.000000
G 88 3 1.000000 91.1194 0.420667 22.71 0.4659
G 88 4 0.579333 2271.7425 0.996548 31.73 0.8695
G 88 11 0.002000 1734.5070 0.333333 33.00 1.0000
G 88 12 0.001333 2446.9370 0.000000 0.00 0.0000
G 88 13 0.001333 13869.6225 0.500000 36.00 1.0000
G 88 14 0.000667 5809.6570 1.000000 40.00 1.0000
G 88 0 0.000000
G 89 3 1.000000 92.0278 0.426000 22.52 0.5086
G 89 4 0.574000 2503.4839 0.988386 31.65 0.8649
G 89 11 0.006667 1439.9182 0.400000 32.00 0.7500
G 89 12 0.004000 1334.6270 0.666667 31.50 1.0000
G 89 13 0.001333 5551.8720 1.000000 39.00 1.0000
G 89 0 0.000000
G 92 3 1.000000 93.1124 0.428000 22.49 0.5062
G 92 4 0.572000 3345.5966 0.926573 32.57 0.8478
G 92 11 0.042000 1397.3277 0.492063 29.13 0.7742
G 92 12 0.021333 2351.4841 0.218750 27.86 1.0000
G 92 13 0.016667 10288.8342 0.840000 37.10 1.0000
G 92 14 0.002667 21161.3983 0.750000 40.00 1.0000
G 92 15 0.000667 10391.2530 1.000000 50.00 1.0000
G 92 0 0.000000
G 96 3 1.000000 96.0306 0.394000 22.59 0.4450
G 96 4 0.606000 4725.3583 1.000000 33.17 0.8141
G 96 0 0.000000
G 99 3 1.000000 91.4997 0.415333 22.64 0.4462
G 99 4 0.584667 5368.5420 0.998860 34.20 0.8208
G 99 11 0.000667 2153.2910 0.000000 0.00 0.0000
G 99 12 0.000667 2832.8440 1.000000 32.00 1.0000
G 99 0 0.000000
G 104 3 1.000000 99.8583 0.397504 23.81 0.4830
G 104 4 0.602496 8343.3232 0.988585 35.83 0.8309
G 104 11 0.006878 1027.2887 0.756764 28.54 0.3114
G 104 12 0.001673 2565.8040 0.000000 0.00 0.0000
G 104 13 0.001673 14655.1940 1.000000 38.00 1.0000
G 104 0 0.000000
G 112 3 1.000000 96.0225 0.371495 22.48 0.4574
G 112 4 0.628505 12388.8871 0.985612 36.71 0.7733
G 112 11 0.009043 1706.9384 0.499822 32.72 1.0000
G 112 12 0.004523 2622.0461 0.000000 0.00 0.0000
G 112 13 0.004523 28571.4684 0.000000 0.00 0.0000
G 112 14 0.004523 24606.2949 0.668837 41.99 1.0000
G 112 17 0.001498 17404.6590 1.000000 43.00 1.0000
G 112 0 0.000000
G 120 3 1.000000 93.8426 0.406363 21.89 0.3235
G 120 4 0.593637 21632.8896 0.587688 40.23 0.7510
G 120 11 0.244763 1675.7026 0.345996 26.61 0.6762
G 120 12 0.160076 2335.4938 0.259072 28.66 0.4665
G 120 13 0.118605 21593.1143 0.342916 36.91 0.9122
G 120 14 0.077933 36753.3461 0.226374 46.22 1.0000
G 120 17 0.060291 32131.6048 0.137900 52.58 1.0000
G 120 24 0.051977 25644.4580 1.000000 53.11 1.0000
G 120 0 0.000000
G 126 3 1.000000 100.7811 0.370399 22.13 0.3824
G 126 4 0.629601 25615.0271 0.113276 39.76 0.8217
G 126 11 0.558282 1557.0794 0.397723 26.48 0.5681
G 126 12 0.336240 2751.8890 0.192606 28.64 0.6727
G 126 13 0.271478 24172.7153 0.377024 37.31 0.7864
G 126 14 0.169124 40429.4950 0.118000 43.34 1.0000
G 126 17 0.149168 34473.3926 0.083787 53.63 1.0000
G 126 24 0.136669 29072.9220 1.000000 55.41 1.0000
G 126 0 0.000000
G 127 11 1.000000 1069.3095 0.563424 25.00 0.4029
G 127 12 0.436576 2511.4011 0.272338 27.84 0.5226
G 127 13 0.317680 22188.2494 0.434792 37.68 0.7411
G 127 14 0.179555 37833.5470 0.247443 45.68 0.9562
G 127 17 0.135126 32681.3122 0.131281 51.77 1.0000
G 127 24 0.117386 32725.5020 1.000000 54.89 1.0000
G 127 0 0.000000
G 136 11 1.000000 1602.4243 0.602899 25.41 0.2893
G 136 12 0.397101 3770.5599 0.183387 27.30 0.3311
G 136 13 0.324278 35980.8169 0.353850 37.21 0.8212
G 136 14 0.209532 58496.8229 0.147525 47.68 1.0000
G 136 18 0.178621 90865.4992 0.151537 49.63 1.0000
G 136 24 0.151553 55584.5550 1.000000 57.93 1.0000
G 136 0 0.000000
G 144 11 1.000000 1768.5328 0.548124 25.70 0.2775
G 144 12 0.451876 3822.6683 0.127009 27.05 0.5185
G 144 13 0.394484 37307.4660 0.288033 36.94 0.5720
G 144 14 0.280860 55703.5722 0.197278 45.10 0.8963
G 144 18 0.225452 90312.3649 0.092477 54.60 1.0000
G 144 24 0.204603 70017.8770 1.000000 60.23 1.0000
G 144 0 0.000000
G 152 11 1.000000 1766.4771 0.545357 26.14 0.3259
G 152 12 0.454643 3738.4999 0.233323 27.21 0.4907
G 152 13 0.348564 34927.7384 0.331848 37.13 0.6575
G 152 14 0.232894 57007.0252 0.190737 44.91 0.8514
G 152 18 0.188472 89605.5637 0.141148 51.56 0.9402
G 152 24 0.161870 107406.1830 1.000000 61.96 1.0000
G 152 0 0.000000
G 159 11 1.000000 1600.9288 0.594378 24.49 0.2882
G 159 12 0.405622 3685.0203 0.249050 28.06 0.3879
G 159 13 0.304602 36503.0266 0.319292 37.68 0.6440
G 159 14 0.207345 55507.9826 0.152174 45.84 0.7078
G 159 18 0.175793 88350.8916 0.126193 46.18 0.6423
G 159 24 0.153609 295207.3530 1.000000 63.91 0.9719
G 159 0 0.000000
G 176 11 1.000000 1680.6631 0.607304 24.85 0.2086
G 176 12 0.392696 4223.4118 0.122419 29.95 0.1524
G 176 13 0.344623 35492.1015 0.365898 38.10 0.4695
G 176 14 0.218526 60593.4092 0.112418 45.42 0.5529
G 176 15 0.193960 40988.4376 0.043764 61.93 1.0000
G 176 19 0.185471 1008989.1198 0.407975 53.94 0.7657
G 176 24 0.109804 670594.1650 1.000000 73.78 1.0000
G 176 0 0.000000
G 191 11 1.000000 1715.0090 0.614576 25.15 0.2588
G 191 12 0.385424 4638.6796 0.107337 25.65 0.0000
G 191 13 0.344054 42518.4677 0.265012 38.14 0.2261
G 191 14 0.252875 61398.2078 0.137847 49.44 0.3030
G 191 15 0.218017 39723.6963 0.116686 54.14 0.6095
G 191 19 0.192578 1040166.3543 0.436213 57.75 0.6142
G 191 24 0.108573 1981381.7350 1.000000 78.42 1.0000
G 191 0 0.000000
G 207 11 1.000000 2144.0730 0.585270 23.93 0.1528
G 207 12 0.414730 5303.7648 0.065945 26.00 1.0000
G 207 13 0.387381 41678.3477 0.396059 38.21 0.6802
G 207 14 0.233955 71420.6603 0.108039 46.80 0.3864
G 207 15 0.208679 51670.7954 0.049883 54.00 0.0000
G 207 20 0.198269 2629630.3616 0.555837 56.66 0.6225
G 207 24 0.088064 13835808.3060 1.000000 82.93 1.0000
G 207 0 0.000000
G 223 11 1.000000 2258.4313 0.550864 22.19 0.2214
G 223 12 0.449136 4479.5987 0.282900 25.87 0.1915
G 223 13 0.322075 43278.8778 0.337000 35.36 0.3631
G 223 14 0.213536 69285.9497 0.247606 44.62 0.4566
G 223 15 0.160663 52789.3717 0.000000 0.00 0.0000
G 223 20 0.160663 3050426.5299 0.467355 61.10 0.2089
G 223 24 0.085576 26238579.8160 1.000000 84.34 1.0000
G 223 0 0.000000
G 239 11 1.000000 3071.2161 0.508209 23.71 0.1315
G 239 12 0.491791 5177.5619 0.308290 29.34 0.1896
G 239 13 0.340177 55613.1426 0.291152 36.92 0.3807
G 239 14 0.241134 88630.7396 0.141156 41.71 0.5477
G 239 15 0.207096 59767.8577 0.158038 58.35 0.0000
G 239 21 0.174367 7382437.9821 0.400428 63.11 0.4542
G 239 24 0.104546 155854402.9500 1.000000 93.20 1.0000
G 239 0 0.000000
G 255 11 1.000000 2764.3197 0.512095 23.23 0.1704
G 255 12 0.487905 5888.6742 0.144203 23.42 0.0000
G 255 13 0.417547 59997.6175 0.158348 37.94 0.2498
G 255 14 0.351430 70844.7807 0.185630 47.81 0.0000
G 255 15 0.286194 56222.0525 0.055886 48.00 0.0000
G 255 21 0.270200 5093464.1503 0.495837 59.50 0.7468
G 255 24 0.136225 349847075.1140 1.000000 93.90 0.7617
G 255 0 0.000000
Q 100 39398.4 0.0000
Q 103 25453.2 0.0000
Q 106 24127.9 0.0000
Q 109 23021.6 0.0000
Q 112 24742.4 0.0000
Q 115 24216.8 0.0000
Q 118 24017.1 0.0000
Q 121 28063.7 0.0000
Q 124 30166.5 0.0000
Q 127 32044.8 0.0000
Q 130 39212.0 0.0000
Q 133 45692.4 0.0000
Q 136 40473.6 0.0000
Q 139 54190.3 0.0000
Q 142 74066.3 0.2000
Q 145 80497.6 0.2000
Q 148 117665.0 0.2000
Q 151 120773.2 0.0000
Q 154 152114.2 0.0000
Q 157 196120.3 0.0000
Q 160 270484.7 0.0000
Q 163 298919.3 0.0000
Q 166 381520.3 0.0000
Q 169 448078.6 0.0000
Q 172 639240.5 0.0000
Q 175 929023.1 0.0000
Q 178 1161145.5 0.0000
Q 181 1323544.2 0.0000
Q 184 1934491.0 0.0000
Q 187 2379423.6 0.0000
Q 190 3591233.7 0.0000
Q 193 3543754.8 0.0000
Q 196 4829960.6 0.0000
Q 199 5727373.9 0.0000
Q 202 8190528.1 0.0000
Q 205 10029450.0 0.0000
Q 208 11864826.8 0.0000
Q 211 17611607.1 0.0000
Q 214 21777088.9 0.0000
Q 217 26278820.1 0.0000
Q 220 29854417.7 0.0000
Q 223 52510314.4 0.0000
Q 226 46033930.1 0.0000
Q 229 66020805.5 0.0000
Q 232 96428168.4 0.0000
Q 235 87717891.8 0.0000
Q 238 156015666.4 0.0000
Q 241 147252643.9 0.0000
Q 244 175196344.9 0.0000
Q 247 246351247.8 0.0000
Q 250 330927322.8 0.0000
Q 253 257418567.9 0.0000
Q 256 458449830.0 0.0000
Q 259 426176462.8 0.0000
Q 262 489898639.0 0.0000
C linsetup 2.3291
C loop0 0.00000
C looptest 0.02021
C sqsetup 1.7123
C sqloop0 0.09027
C sqtest 0.02719
C w1siter 0.11690
C w1scheck 0.33034
C cprime 0.1373
C cprimesq 2.3532
C ctail 0.1249
K prepcall 0.00000
K prepstep1 0.00703
K prepstep2 0.01110
K prepstep3 0.00000
K prepgcd0 0.19790
K prepgcd1 0.21617
K prepgcd2 0.32713
K prepgcd3 0.39758
K prepgcd4 0.69792
K preppbit 0.01750
K preppower 0.40966
K prepzbit 0.28670
K pprep0 0.000000
K pprep0bit 0.005696
K pprep1 0.000000
K pprep1bit 0.007870
K pprep2 0.010619
K pprep2bit 0.009865
