3 2 16 3 0.7250 0.2750 0.0000 0.0000 0.208 0.000
3 2 20 3 0.7736 0.2264 0.0000 0.0000 0.416 0.000
3 2 24 3 0.8144 0.1856 0.0000 0.0000 0.890 0.000
3 2 28 3 0.8320 0.1680 0.0000 0.0000 2.723 0.000
3 2 32 3 0.8614 0.1386 0.0000 0.0000 3.562 0.000
3 2 36 3 0.8766 0.1234 0.0000 0.0000 3.641 0.000
3 2 40 3 0.8888 0.1112 0.0000 0.0000 3.548 0.000
3 2 44 3 0.9078 0.0922 0.0000 0.0000 3.300 0.000
3 2 48 3 0.9074 0.0926 0.0000 0.0000 3.356 0.000
3 2 52 3 0.9172 0.0828 0.0000 0.0000 3.601 0.000
3 2 56 3 0.9258 0.0742 0.0000 0.0000 3.647 0.000
3 2 60 3 0.9244 0.0756 0.0000 0.0000 3.731 0.000
3 2 64 3 0.9396 0.0604 0.0000 0.0000 3.429 0.000
3 2 72 3 0.9350 0.0650 0.0000 0.0000 3.680 0.000
3 2 80 3 0.9515 0.0485 0.0000 0.0000 3.603 0.000
3 2 96 3 0.9540 0.0460 0.0000 0.0000 2.153 0.000
3 2 112 3 0.9580 0.0420 0.0000 0.0000 2.445 0.000
3 2 128 3 0.9560 0.0440 0.0000 0.0000 2.968 0.000
5 4 16 3 0.7250 0.2750 0.0000 0.0000 0.225 0.000
5 4 20 3 0.7736 0.2264 0.0000 0.0000 0.436 0.000
5 4 24 3 0.8144 0.1856 0.0000 0.0000 0.942 0.000
5 4 28 3 0.8320 0.1680 0.0000 0.0000 2.569 0.000
5 4 32 3 0.8614 0.1386 0.0000 0.0000 3.398 0.000
5 4 36 3 0.8766 0.1234 0.0000 0.0000 3.791 0.000
5 4 40 3 0.8888 0.1112 0.0000 0.0000 3.679 0.000
5 4 44 3 0.9078 0.0922 0.0000 0.0000 3.355 0.000
5 4 48 3 0.9074 0.0926 0.0000 0.0000 3.576 0.000
5 4 52 3 0.9172 0.0828 0.0000 0.0000 3.745 0.000
5 4 56 3 0.9258 0.0742 0.0000 0.0000 3.797 0.000
5 4 60 3 0.9244 0.0756 0.0000 0.0000 3.911 0.000
5 4 64 3 0.9396 0.0604 0.0000 0.0000 3.763 0.000
5 4 72 3 0.9350 0.0650 0.0000 0.0000 4.456 0.000
5 4 80 3 0.9515 0.0485 0.0000 0.0000 3.853 0.000
5 4 96 3 0.9540 0.0460 0.0000 0.0000 2.447 0.000
5 4 112 3 0.9580 0.0420 0.0000 0.0000 2.536 0.000
5 4 128 3 0.9560 0.0440 0.0000 0.0000 2.858 0.000
6 1 16 3 0.9576 0.0424 0.0000 0.0000 0.287 0.000
6 1 20 3 0.9676 0.0324 0.0000 0.0000 0.562 0.000
6 1 24 3 0.9758 0.0242 0.0000 0.0000 1.361 0.000
6 1 28 3 0.9814 0.0186 0.0000 0.0000 3.901 0.000
6 1 32 3 0.9548 0.0158 0.0294 0.0000 6.458 7.110
6 1 36 3 0.9366 0.0116 0.0518 0.0000 8.439 6.651
6 1 40 3 0.9170 0.0120 0.0710 0.0000 9.147 8.716
6 1 44 3 0.9186 0.0090 0.0724 0.0000 8.711 12.873
6 1 48 3 0.9112 0.0108 0.0780 0.0000 9.502 19.029
6 1 52 3 0.9020 0.0092 0.0888 0.0000 9.921 32.658
6 1 56 3 0.8918 0.0082 0.1000 0.0000 9.995 47.187
6 1 60 3 0.8870 0.0078 0.1052 0.0000 9.629 71.223
6 1 64 3 0.8842 0.0078 0.1080 0.0000 9.477 187.768
6 1 72 3 0.8820 0.0070 0.1110 0.0000 10.991 415.061
6 1 80 3 0.8760 0.0045 0.1195 0.0000 11.306 707.988
6 1 96 3 0.8300 0.0080 0.1620 0.0000 6.830 1563.612
6 1 112 3 0.8200 0.0080 0.1720 0.0000 7.374 4935.227
6 1 128 3 0.8300 0.0000 0.1700 0.0000 7.374 21120.721
9 2 16 3 0.5582 0.4418 0.0000 0.0000 0.237 0.000
9 2 20 3 0.5930 0.4070 0.0000 0.0000 0.455 0.000
9 2 24 3 0.6096 0.3904 0.0000 0.0000 1.224 0.000
9 2 28 3 0.6470 0.3530 0.0000 0.0000 3.580 0.000
9 2 32 3 0.6740 0.2966 0.0294 0.0000 4.695 6.934
9 2 36 3 0.6914 0.2568 0.0518 0.0000 4.750 6.406
9 2 40 3 0.7048 0.2242 0.0710 0.0000 4.737 8.339
9 2 44 3 0.7296 0.1980 0.0724 0.0000 4.246 12.091
9 2 48 3 0.7412 0.1808 0.0780 0.0000 4.331 16.985
9 2 52 3 0.7512 0.1600 0.0888 0.0000 4.558 28.991
9 2 56 3 0.7410 0.1590 0.1000 0.0000 4.924 44.957
9 2 60 3 0.7526 0.1422 0.1052 0.0000 5.281 71.397
9 2 64 3 0.7674 0.1246 0.1080 0.0000 4.952 192.055
9 2 72 3 0.7830 0.1060 0.1110 0.0000 6.077 385.703
9 2 80 3 0.7760 0.1045 0.1195 0.0000 6.292 671.812
9 2 96 3 0.7680 0.0700 0.1620 0.0000 4.801 1501.712
9 2 112 3 0.7640 0.0640 0.1720 0.0000 5.564 4819.788
9 2 128 3 0.7700 0.0600 0.1700 0.0000 5.816 20356.174
10 1 16 3 0.9986 0.0014 0.0000 0.0000 0.263 0.000
10 1 20 3 0.9992 0.0008 0.0000 0.0000 0.541 0.000
10 1 24 3 0.9994 0.0006 0.0000 0.0000 1.263 0.000
10 1 28 3 0.9996 0.0004 0.0000 0.0000 3.447 0.000
10 1 32 3 0.9702 0.0004 0.0294 0.0000 6.076 6.544
10 1 36 3 0.9480 0.0002 0.0518 0.0000 7.954 6.542
10 1 40 3 0.9286 0.0004 0.0710 0.0000 9.332 9.052
10 1 44 3 0.9276 0.0000 0.0724 0.0000 9.450 14.016
10 1 48 3 0.9220 0.0000 0.0780 0.0000 9.684 19.503
10 1 52 3 0.9108 0.0004 0.0888 0.0000 9.405 31.744
10 1 56 3 0.8998 0.0002 0.1000 0.0000 9.657 46.325
10 1 60 3 0.8948 0.0000 0.1052 0.0000 9.537 72.423
10 1 64 3 0.8918 0.0002 0.1080 0.0000 9.363 192.389
10 1 72 3 0.8890 0.0000 0.1110 0.0000 10.020 390.457
10 1 80 3 0.8795 0.0010 0.1195 0.0000 10.312 657.246
10 1 96 3 0.8380 0.0000 0.1620 0.0000 5.823 1444.510
10 1 112 3 0.8280 0.0000 0.1720 0.0000 14.424 7674.834
10 1 128 3 0.8300 0.0000 0.1700 0.0000 7.111 40338.055
15 2 16 3 0.9576 0.0424 0.0000 0.0000 0.267 0.000
15 2 20 3 0.9676 0.0324 0.0000 0.0000 1.365 0.000
15 2 24 3 0.9758 0.0242 0.0000 0.0000 2.919 0.000
15 2 28 3 0.9814 0.0186 0.0000 0.0000 6.828 0.000
15 2 32 3 0.9504 0.0158 0.0338 0.0000 12.922 30.737
15 2 36 3 0.9074 0.0116 0.0810 0.0000 16.417 16.890
15 2 40 3 0.8484 0.0120 0.1396 0.0000 19.338 20.143
15 2 44 3 0.8188 0.0090 0.1722 0.0000 20.031 20.341
15 2 48 3 0.7922 0.0108 0.1970 0.0000 18.203 30.758
15 2 52 3 0.7698 0.0092 0.2210 0.0000 16.947 50.524
15 2 56 3 0.7464 0.0082 0.2454 0.0000 17.106 77.140
15 2 60 3 0.7376 0.0078 0.2546 0.0000 19.404 107.251
15 2 64 3 0.7168 0.0078 0.2754 0.0000 21.513 218.813
15 2 72 3 0.7035 0.0070 0.2895 0.0000 23.512 602.511
15 2 80 3 0.6785 0.0045 0.3170 0.0000 18.919 1215.547
15 2 96 3 0.5780 0.0080 0.4140 0.0000 14.449 2596.682
15 2 112 3 0.5560 0.0080 0.4360 0.0000 16.106 8917.435
15 2 128 3 0.5720 0.0000 0.4280 0.0000 31.948 38045.769
18 1 16 3 0.9992 0.0008 0.0000 0.0000 1.089 0.000
18 1 20 3 0.9990 0.0010 0.0000 0.0000 0.545 0.000
18 1 24 3 0.9992 0.0008 0.0000 0.0000 2.022 0.000
18 1 28 3 0.9990 0.0010 0.0000 0.0000 7.524 0.000
18 1 32 3 0.9698 0.0008 0.0294 0.0000 12.719 6.718
18 1 36 3 0.9460 0.0006 0.0534 0.0000 16.457 6.192
18 1 40 3 0.9256 0.0008 0.0736 0.0000 18.614 8.057
18 1 44 3 0.9230 0.0004 0.0766 0.0000 20.346 12.794
18 1 48 3 0.9150 0.0002 0.0848 0.0000 19.203 28.859
18 1 52 3 0.9026 0.0002 0.0972 0.0000 27.864 74.074
18 1 56 3 0.8922 0.0002 0.1076 0.0000 18.995 77.498
18 1 60 3 0.8870 0.0000 0.1130 0.0000 16.592 157.361
18 1 64 3 0.8836 0.0004 0.1160 0.0000 19.833 338.696
18 1 72 3 0.8765 0.0000 0.1235 0.0000 23.121 728.563
18 1 80 3 0.8745 0.0000 0.1255 0.0000 19.661 1406.196
18 1 96 3 0.8300 0.0000 0.1700 0.0000 22.152 2764.874
18 1 112 3 0.8000 0.0000 0.2000 0.0000 31.634 8595.609
18 1 128 3 0.8100 0.0000 0.1900 0.0000 15.863 53175.665
30 1 16 3 1.0000 0.0000 0.0000 0.0000 0.231 0.000
30 1 20 3 1.0000 0.0000 0.0000 0.0000 0.470 0.000
30 1 24 3 0.9998 0.0002 0.0000 0.0000 1.995 0.000
30 1 28 3 1.0000 0.0000 0.0000 0.0000 6.381 0.000
30 1 32 3 0.9706 0.0000 0.0294 0.0000 11.485 6.247
30 1 36 3 0.9466 0.0000 0.0534 0.0000 17.022 6.523
30 1 40 3 0.9264 0.0000 0.0736 0.0000 19.557 19.762
30 1 44 3 0.9230 0.0000 0.0770 0.0000 19.655 23.939
30 1 48 3 0.9152 0.0000 0.0848 0.0000 20.185 27.160
30 1 52 3 0.9026 0.0000 0.0974 0.0000 16.801 77.883
30 1 56 3 0.8924 0.0000 0.1076 0.0000 17.193 110.047
30 1 60 3 0.8866 0.0000 0.1134 0.0000 20.607 121.514
30 1 64 3 0.8838 0.0000 0.1162 0.0000 13.974 407.518
30 1 72 3 0.8765 0.0000 0.1235 0.0000 23.026 729.686
30 1 80 3 0.8745 0.0000 0.1255 0.0000 25.340 1345.921
30 1 96 3 0.8280 0.0000 0.1720 0.0000 14.301 2727.486
30 1 112 3 0.8000 0.0000 0.2000 0.0000 7.151 8592.418
30 1 128 3 0.8100 0.0000 0.1900 0.0000 24.273 53867.117
45 2 16 3 0.9726 0.0274 0.0000 0.0000 0.267 0.000
45 2 20 3 0.9686 0.0314 0.0000 0.0000 0.541 0.000
45 2 24 3 0.9652 0.0348 0.0000 0.0000 2.138 0.000
45 2 28 3 0.9636 0.0364 0.0000 0.0000 6.911 0.000
45 2 32 3 0.9344 0.0318 0.0338 0.0000 15.187 6.904
45 2 36 3 0.8912 0.0244 0.0844 0.0000 19.508 16.279
45 2 40 3 0.8206 0.0242 0.1552 0.0000 25.833 8.218
45 2 44 3 0.7640 0.0226 0.2134 0.0000 26.718 21.433
45 2 48 3 0.7152 0.0198 0.2650 0.0000 24.966 28.405
45 2 52 3 0.6724 0.0168 0.3108 0.0000 24.052 47.570
45 2 56 3 0.6350 0.0156 0.3494 0.0000 32.996 46.790
45 2 60 3 0.6146 0.0180 0.3674 0.0000 33.871 78.521
45 2 64 3 0.5734 0.0120 0.4146 0.0000 25.166 179.511
45 2 72 3 0.5410 0.0160 0.4430 0.0000 34.177 510.381
45 2 80 3 0.5275 0.0095 0.4630 0.0000 34.658 1067.601
45 2 96 3 0.4260 0.0040 0.5700 0.0000 9.476 2344.108
45 2 112 3 0.3460 0.0060 0.6480 0.0000 34.903 11314.269
45 2 128 3 0.3580 0.0060 0.6360 0.0000 11.457 55289.322
90 1 16 3 1.0000 0.0000 0.0000 0.0000 0.265 0.000
90 1 20 3 1.0000 0.0000 0.0000 0.0000 2.139 0.000
90 1 24 3 1.0000 0.0000 0.0000 0.0000 3.265 0.000
90 1 28 3 1.0000 0.0000 0.0000 0.0000 9.661 0.000
90 1 32 3 0.9706 0.0000 0.0294 0.0000 17.102 6.590
90 1 36 3 0.9466 0.0000 0.0534 0.0000 23.956 6.252
90 1 40 3 0.9264 0.0000 0.0736 0.0000 30.501 8.583
90 1 44 3 0.9230 0.0000 0.0770 0.0000 24.709 75.044
90 1 48 3 0.9152 0.0000 0.0848 0.0000 72.455 56.418
90 1 52 3 0.9026 0.0000 0.0974 0.0000 29.140 95.351
90 1 56 3 0.8922 0.0000 0.1078 0.0000 35.974 88.716
90 1 60 3 0.8862 0.0000 0.1138 0.0000 33.874 157.861
90 1 64 3 0.8834 0.0000 0.1166 0.0000 24.309 575.001
90 1 72 3 0.8765 0.0000 0.1235 0.0000 26.066 1228.184
90 1 80 3 0.8740 0.0000 0.1260 0.0000 36.579 1957.581
90 1 96 3 0.8280 0.0000 0.1720 0.0000 6.675 4394.105
90 1 112 3 0.8000 0.0000 0.2000 0.0000 15.874 10058.344
90 1 128 3 0.8100 0.0000 0.1900 0.0000 15.608 52689.056
