3 2 16 3 0.7250 0.2750 0.0000 0.0000 0.213 0.000
3 2 20 3 0.7736 0.2264 0.0000 0.0000 0.394 0.000
3 2 24 3 0.8144 0.1856 0.0000 0.0000 0.947 0.000
3 2 28 3 0.8320 0.1680 0.0000 0.0000 2.429 0.000
3 2 32 3 0.8614 0.1386 0.0000 0.0000 3.545 0.000
3 2 36 3 0.8766 0.1234 0.0000 0.0000 3.642 0.000
3 2 40 3 0.8888 0.1112 0.0000 0.0000 3.648 0.000
3 2 44 3 0.9078 0.0922 0.0000 0.0000 3.168 0.000
3 2 48 3 0.9074 0.0926 0.0000 0.0000 3.252 0.000
3 2 52 3 0.9172 0.0828 0.0000 0.0000 3.283 0.000
3 2 56 3 0.9258 0.0742 0.0000 0.0000 3.554 0.000
3 2 60 3 0.9244 0.0756 0.0000 0.0000 3.618 0.000
3 2 64 3 0.9396 0.0604 0.0000 0.0000 3.313 0.000
3 2 72 3 0.9350 0.0650 0.0000 0.0000 3.360 0.000
3 2 80 3 0.9515 0.0485 0.0000 0.0000 3.219 0.000
3 2 96 3 0.9540 0.0460 0.0000 0.0000 1.988 0.000
3 2 112 3 0.9580 0.0420 0.0000 0.0000 2.156 0.000
3 2 128 3 0.9560 0.0440 0.0000 0.0000 2.395 0.000
5 4 16 3 0.7250 0.2750 0.0000 0.0000 0.215 0.000
5 4 20 3 0.7736 0.2264 0.0000 0.0000 0.426 0.000
5 4 24 3 0.8144 0.1856 0.0000 0.0000 0.940 0.000
5 4 28 3 0.8320 0.1680 0.0000 0.0000 2.444 0.000
5 4 32 3 0.8614 0.1386 0.0000 0.0000 3.415 0.000
5 4 36 3 0.8766 0.1234 0.0000 0.0000 3.740 0.000
5 4 40 3 0.8888 0.1112 0.0000 0.0000 3.495 0.000
5 4 44 3 0.9078 0.0922 0.0000 0.0000 3.147 0.000
5 4 48 3 0.9074 0.0926 0.0000 0.0000 3.164 0.000
5 4 52 3 0.9172 0.0828 0.0000 0.0000 3.346 0.000
5 4 56 3 0.9258 0.0742 0.0000 0.0000 3.294 0.000
5 4 60 3 0.9244 0.0756 0.0000 0.0000 3.349 0.000
5 4 64 3 0.9396 0.0604 0.0000 0.0000 3.079 0.000
5 4 72 3 0.9350 0.0650 0.0000 0.0000 3.357 0.000
5 4 80 3 0.9515 0.0485 0.0000 0.0000 3.285 0.000
5 4 96 3 0.9540 0.0460 0.0000 0.0000 2.328 0.000
5 4 112 3 0.9580 0.0420 0.0000 0.0000 2.417 0.000
5 4 128 3 0.9560 0.0440 0.0000 0.0000 2.599 0.000
6 1 16 3 0.9576 0.0424 0.0000 0.0000 0.248 0.000
6 1 20 3 0.9676 0.0324 0.0000 0.0000 0.495 0.000
6 1 24 3 0.9758 0.0242 0.0000 0.0000 1.190 0.000
6 1 28 3 0.9814 0.0186 0.0000 0.0000 3.208 0.000
6 1 32 3 0.9548 0.0158 0.0294 0.0000 6.020 6.399
6 1 36 3 0.9366 0.0116 0.0518 0.0000 7.813 6.235
6 1 40 3 0.9170 0.0120 0.0710 0.0000 9.051 8.674
6 1 44 3 0.9186 0.0090 0.0724 0.0000 9.483 14.051
6 1 48 3 0.9112 0.0108 0.0780 0.0000 9.638 19.317
6 1 52 3 0.9020 0.0092 0.0888 0.0000 9.548 32.120
6 1 56 3 0.8918 0.0082 0.1000 0.0000 9.861 46.313
6 1 60 3 0.8870 0.0078 0.1052 0.0000 9.557 71.419
6 1 64 3 0.8842 0.0078 0.1080 0.0000 9.638 195.305
6 1 72 3 0.8820 0.0070 0.1110 0.0000 10.540 403.023
6 1 80 3 0.8760 0.0045 0.1195 0.0000 10.369 663.006
6 1 96 3 0.8300 0.0080 0.1620 0.0000 6.090 1411.984
6 1 112 3 0.8200 0.0080 0.1720 0.0000 7.796 4905.501
6 1 128 3 0.8300 0.0000 0.1700 0.0000 7.987 21356.568
10 1 16 3 0.9986 0.0014 0.0000 0.0000 0.266 0.000
10 1 20 3 0.9992 0.0008 0.0000 0.0000 0.529 0.000
10 1 24 3 0.9994 0.0006 0.0000 0.0000 1.373 0.000
10 1 28 3 0.9996 0.0004 0.0000 0.0000 3.747 0.000
10 1 32 3 0.9702 0.0004 0.0294 0.0000 6.410 7.226
10 1 36 3 0.9480 0.0002 0.0518 0.0000 8.310 6.646
10 1 40 3 0.9286 0.0004 0.0710 0.0000 10.519 9.789
10 1 44 3 0.9276 0.0000 0.0724 0.0000 9.432 13.579
10 1 48 3 0.9220 0.0000 0.0780 0.0000 10.022 19.885
10 1 52 3 0.9108 0.0004 0.0888 0.0000 10.225 32.825
10 1 56 3 0.8998 0.0002 0.1000 0.0000 9.666 46.055
10 1 60 3 0.8948 0.0000 0.1052 0.0000 10.129 75.042
10 1 64 3 0.8918 0.0002 0.1080 0.0000 10.356 205.938
10 1 72 3 0.8890 0.0000 0.1110 0.0000 10.535 410.540
10 1 80 3 0.8795 0.0010 0.1195 0.0000 10.833 694.039
10 1 96 3 0.8380 0.0000 0.1620 0.0000 6.610 1542.305
10 1 112 3 0.8280 0.0000 0.1720 0.0000 7.161 4966.587
10 1 128 3 0.8300 0.0000 0.1700 0.0000 7.599 21198.029
15 2 16 3 0.9576 0.0424 0.0000 0.0000 0.267 0.000
15 2 20 3 0.9676 0.0324 0.0000 0.0000 0.563 0.000
15 2 24 3 0.9758 0.0242 0.0000 0.0000 1.315 0.000
15 2 28 3 0.9814 0.0186 0.0000 0.0000 3.712 0.000
15 2 32 3 0.9504 0.0158 0.0338 0.0000 6.322 6.810
15 2 36 3 0.9074 0.0116 0.0810 0.0000 8.214 6.766
15 2 40 3 0.8484 0.0120 0.1396 0.0000 9.282 8.298
15 2 44 3 0.8188 0.0090 0.1722 0.0000 9.002 10.448
15 2 48 3 0.7922 0.0108 0.1970 0.0000 8.626 13.457
15 2 52 3 0.7698 0.0092 0.2210 0.0000 9.136 22.859
15 2 56 3 0.7464 0.0082 0.2454 0.0000 8.809 30.367
15 2 60 3 0.7376 0.0078 0.2546 0.0000 9.455 51.097
15 2 64 3 0.7168 0.0078 0.2754 0.0000 9.280 110.797
15 2 72 3 0.7035 0.0070 0.2895 0.0000 9.722 300.640
15 2 80 3 0.6785 0.0045 0.3170 0.0000 10.951 592.838
15 2 96 3 0.5780 0.0080 0.4140 0.0000 6.560 1274.503
15 2 112 3 0.5560 0.0080 0.4360 0.0000 7.262 4223.501
15 2 128 3 0.5720 0.0000 0.4280 0.0000 7.886 19304.220
30 1 16 3 1.0000 0.0000 0.0000 0.0000 0.297 0.000
30 1 20 3 1.0000 0.0000 0.0000 0.0000 0.585 0.000
30 1 24 3 0.9998 0.0002 0.0000 0.0000 1.446 0.000
30 1 28 3 1.0000 0.0000 0.0000 0.0000 3.645 0.000
30 1 32 3 0.9706 0.0000 0.0294 0.0000 6.664 6.973
30 1 36 3 0.9466 0.0000 0.0534 0.0000 8.539 6.701
30 1 40 3 0.9264 0.0000 0.0736 0.0000 10.279 9.219
30 1 44 3 0.9230 0.0000 0.0770 0.0000 9.875 13.372
30 1 48 3 0.9152 0.0000 0.0848 0.0000 9.893 18.089
30 1 52 3 0.9026 0.0000 0.0974 0.0000 10.580 30.674
30 1 56 3 0.8924 0.0000 0.1076 0.0000 10.920 46.173
30 1 60 3 0.8866 0.0000 0.1134 0.0000 10.711 70.425
30 1 64 3 0.8838 0.0000 0.1162 0.0000 10.303 185.525
30 1 72 3 0.8765 0.0000 0.1235 0.0000 11.316 379.926
30 1 80 3 0.8745 0.0000 0.1255 0.0000 11.681 685.115
30 1 96 3 0.8280 0.0000 0.1720 0.0000 6.856 1484.923
30 1 112 3 0.8000 0.0000 0.2000 0.0000 7.455 4395.903
30 1 128 3 0.8100 0.0000 0.1900 0.0000 7.721 25707.896
