3 2 16 5 0.6558 0.3442 0.0000 0.0000 0.272 0.000
3 2 20 5 0.7172 0.2828 0.0000 0.0000 0.532 0.000
3 2 24 5 0.7694 0.2306 0.0000 0.0000 1.177 0.000
3 2 28 5 0.7922 0.2078 0.0000 0.0000 3.670 0.000
3 2 32 5 0.8218 0.1782 0.0000 0.0000 4.948 0.000
3 2 36 5 0.8484 0.1516 0.0000 0.0000 4.885 0.000
3 2 40 5 0.8630 0.1370 0.0000 0.0000 4.929 0.000
3 2 44 5 0.8854 0.1146 0.0000 0.0000 4.501 0.000
3 2 48 5 0.8856 0.1144 0.0000 0.0000 4.656 0.000
3 2 52 5 0.8974 0.1026 0.0000 0.0000 4.906 0.000
3 2 56 5 0.9026 0.0974 0.0000 0.0000 4.726 0.000
3 2 60 5 0.9068 0.0932 0.0000 0.0000 4.768 0.000
3 2 64 5 0.9234 0.0766 0.0000 0.0000 4.519 0.000
3 2 72 5 0.9165 0.0835 0.0000 0.0000 5.071 0.000
3 2 80 5 0.9395 0.0605 0.0000 0.0000 4.817 0.000
3 2 96 5 0.9420 0.0580 0.0000 0.0000 2.900 0.000
3 2 112 5 0.9420 0.0580 0.0000 0.0000 2.992 0.000
3 2 128 5 0.9480 0.0520 0.0000 0.0000 3.531 0.000
4 1 16 5 0.5322 0.4678 0.0000 0.0000 0.268 0.000
4 1 20 5 0.5470 0.4530 0.0000 0.0000 0.598 0.000
4 1 24 5 0.5678 0.4322 0.0000 0.0000 1.586 0.000
4 1 28 5 0.6012 0.3988 0.0000 0.0000 4.721 0.000
4 1 32 5 0.6288 0.3322 0.0390 1.0000 6.124 7.602
4 1 36 5 0.6480 0.2858 0.0662 1.0000 6.278 9.572
4 1 40 5 0.6526 0.2554 0.0920 1.0000 6.495 13.185
4 1 44 5 0.6816 0.2230 0.0954 0.9958 6.003 18.146
4 1 48 5 0.6994 0.2028 0.0978 0.9571 6.566 26.290
4 1 52 5 0.7050 0.1802 0.1148 0.9390 6.303 36.370
4 1 56 5 0.7018 0.1786 0.1196 0.8829 6.724 53.148
4 1 60 5 0.7154 0.1572 0.1274 0.8650 6.079 79.016
4 1 64 5 0.7266 0.1402 0.1332 0.8003 5.947 205.619
4 1 72 5 0.7385 0.1210 0.1405 0.7616 7.931 415.971
4 1 80 5 0.7355 0.1160 0.1485 0.7205 7.634 682.428
4 1 96 5 0.7140 0.0760 0.2100 0.4952 5.196 1492.700
4 1 112 5 0.7300 0.0740 0.1960 0.4592 6.188 4958.932
4 1 128 5 0.7140 0.0640 0.2220 0.5045 6.318 16474.505
6 1 16 5 0.9690 0.0310 0.0000 0.0000 0.249 0.000
6 1 20 5 0.9758 0.0242 0.0000 0.0000 0.592 0.000
6 1 24 5 0.9818 0.0182 0.0000 0.0000 1.368 0.000
6 1 28 5 0.9876 0.0124 0.0000 0.0000 4.078 0.000
6 1 32 5 0.9484 0.0126 0.0390 0.0000 6.537 6.563
6 1 36 5 0.9242 0.0096 0.0662 0.0000 8.822 6.855
6 1 40 5 0.9006 0.0074 0.0920 0.0000 10.349 9.065
6 1 44 5 0.8990 0.0056 0.0954 0.0000 10.390 13.193
6 1 48 5 0.8944 0.0078 0.0978 0.0000 10.350 19.566
6 1 52 5 0.8808 0.0044 0.1148 0.0000 10.336 30.384
6 1 56 5 0.8748 0.0056 0.1196 0.0000 10.210 43.169
6 1 60 5 0.8670 0.0056 0.1274 0.0000 10.291 69.638
6 1 64 5 0.8616 0.0052 0.1332 0.0000 10.364 191.418
6 1 72 5 0.8560 0.0035 0.1405 0.0000 11.444 365.507
6 1 80 5 0.8465 0.0050 0.1485 0.0000 11.704 656.998
6 1 96 5 0.7860 0.0040 0.2100 0.0000 6.689 1464.916
6 1 112 5 0.7960 0.0080 0.1960 0.0000 7.713 5004.262
6 1 128 5 0.7780 0.0000 0.2220 0.0000 8.072 16693.270
8 1 16 5 0.8638 0.1362 0.0000 0.0000 0.293 0.000
8 1 20 5 0.8038 0.1962 0.0000 0.0000 0.587 0.000
8 1 24 5 0.7622 0.2378 0.0000 0.0000 1.479 0.000
8 1 28 5 0.7338 0.2662 0.0000 0.0000 4.167 0.000
8 1 32 5 0.6732 0.2864 0.0404 0.0347 7.687 7.140
8 1 36 5 0.6220 0.2852 0.0928 0.2866 9.690 8.487
8 1 40 5 0.6030 0.2376 0.1594 0.4228 11.033 10.453
8 1 44 5 0.5920 0.2074 0.2006 0.5264 10.784 12.877
8 1 48 5 0.5922 0.1814 0.2264 0.5857 11.119 17.937
8 1 52 5 0.5772 0.1626 0.2602 0.5757 11.317 26.063
8 1 56 5 0.5796 0.1434 0.2770 0.5935 11.148 36.005
8 1 60 5 0.5680 0.1386 0.2934 0.5794 11.199 55.332
8 1 64 5 0.5584 0.1218 0.3198 0.6004 10.811 112.891
8 1 72 5 0.5630 0.1025 0.3345 0.5605 12.527 310.899
8 1 80 5 0.5380 0.0990 0.3630 0.5702 13.358 591.153
8 1 96 5 0.4580 0.0640 0.4780 0.5021 8.338 1432.244
8 1 112 5 0.4960 0.0460 0.4580 0.4541 8.906 4547.826
8 1 128 5 0.4520 0.0380 0.5100 0.4314 10.017 20568.635
12 1 16 5 0.9880 0.0120 0.0000 0.0000 0.272 0.000
12 1 20 5 0.9846 0.0154 0.0000 0.0000 0.590 0.000
12 1 24 5 0.9806 0.0194 0.0000 0.0000 1.382 0.000
12 1 28 5 0.9758 0.0242 0.0000 0.0000 3.813 0.000
12 1 32 5 0.9398 0.0198 0.0404 0.0000 7.131 6.811
12 1 36 5 0.8874 0.0184 0.0942 0.0149 10.081 8.338
12 1 40 5 0.8224 0.0158 0.1618 0.0148 12.177 9.813
12 1 44 5 0.7796 0.0174 0.2030 0.0118 13.643 11.991
12 1 48 5 0.7534 0.0160 0.2306 0.0182 13.951 15.890
12 1 52 5 0.7246 0.0096 0.2658 0.0211 15.210 24.711
12 1 56 5 0.7064 0.0114 0.2822 0.0163 15.032 34.447
12 1 60 5 0.6926 0.0106 0.2968 0.0115 16.992 58.456
12 1 64 5 0.6646 0.0088 0.3266 0.0196 15.816 121.168
12 1 72 5 0.6470 0.0120 0.3410 0.0161 18.193 348.730
12 1 80 5 0.6255 0.0065 0.3680 0.0109 17.420 619.651
12 1 96 5 0.5180 0.0000 0.4820 0.0041 9.773 1446.552
12 1 112 5 0.5220 0.0040 0.4740 0.0211 11.439 4808.298
12 1 128 5 0.4780 0.0040 0.5180 0.0039 11.812 21613.306
16 1 16 5 0.9948 0.0052 0.0000 0.0000 0.277 0.000
16 1 20 5 0.9734 0.0266 0.0000 0.0000 0.684 0.000
16 1 24 5 0.9474 0.0526 0.0000 0.0000 1.730 0.000
16 1 28 5 0.9278 0.0722 0.0000 0.0000 4.877 0.000
16 1 32 5 0.8622 0.0974 0.0404 0.0000 8.254 7.534
16 1 36 5 0.7962 0.1102 0.0936 0.0085 10.238 8.435
16 1 40 5 0.7078 0.1244 0.1678 0.0501 12.918 10.872
16 1 44 5 0.6444 0.1260 0.2296 0.1263 13.851 12.572
16 1 48 5 0.6064 0.1128 0.2808 0.1944 14.907 17.080
16 1 52 5 0.5702 0.0952 0.3346 0.2301 15.988 24.821
16 1 56 5 0.5496 0.0838 0.3666 0.2608 15.796 33.643
16 1 60 5 0.5260 0.0766 0.3974 0.2854 16.052 50.674
16 1 64 5 0.4910 0.0630 0.4460 0.3112 14.196 90.246
16 1 72 5 0.4660 0.0630 0.4710 0.3301 15.696 245.456
16 1 80 5 0.4400 0.0530 0.5070 0.3245 18.104 542.703
16 1 96 5 0.3460 0.0300 0.6240 0.3333 10.681 1379.275
16 1 112 5 0.3240 0.0200 0.6560 0.3872 10.537 4404.133
16 1 128 5 0.2920 0.0220 0.6860 0.3207 12.316 20953.412
24 1 16 5 1.0000 0.0000 0.0000 0.0000 0.292 0.000
24 1 20 5 0.9990 0.0010 0.0000 0.0000 0.617 0.000
24 1 24 5 0.9952 0.0048 0.0000 0.0000 1.483 0.000
24 1 28 5 0.9916 0.0084 0.0000 0.0000 4.385 0.000
24 1 32 5 0.9476 0.0120 0.0404 0.0000 7.955 7.762
24 1 36 5 0.8920 0.0130 0.0950 0.0000 10.768 8.776
24 1 40 5 0.8176 0.0120 0.1704 0.0012 13.590 11.126
24 1 44 5 0.7538 0.0132 0.2330 0.0043 14.971 13.188
24 1 48 5 0.6988 0.0114 0.2898 0.0166 17.083 17.536
24 1 52 5 0.6452 0.0100 0.3448 0.0133 18.294 24.971
24 1 56 5 0.6124 0.0096 0.3780 0.0180 17.946 33.226
24 1 60 5 0.5882 0.0056 0.4062 0.0133 17.341 47.926
24 1 64 5 0.5314 0.0082 0.4604 0.0174 18.110 99.414
24 1 72 5 0.5100 0.0060 0.4840 0.0134 19.555 267.731
24 1 80 5 0.4750 0.0045 0.5205 0.0173 19.807 531.131
24 1 96 5 0.3560 0.0060 0.6380 0.0157 11.000 1374.343
24 1 112 5 0.3180 0.0040 0.6780 0.0118 12.045 4555.553
24 1 128 5 0.2900 0.0040 0.7060 0.0170 13.247 20365.227
32 1 16 5 1.0000 0.0000 0.0000 0.0000 0.251 0.000
32 1 20 5 1.0000 0.0000 0.0000 0.0000 0.667 0.000
32 1 24 5 0.9972 0.0028 0.0000 0.0000 1.446 0.000
32 1 28 5 0.9920 0.0080 0.0000 0.0000 3.936 0.000
32 1 32 5 0.9434 0.0162 0.0404 0.0000 6.763 6.370
32 1 36 5 0.8828 0.0236 0.0936 0.0000 9.865 7.969
32 1 40 5 0.8034 0.0288 0.1678 0.0000 12.525 10.344
32 1 44 5 0.7252 0.0426 0.2322 0.0112 14.585 13.174
32 1 48 5 0.6706 0.0420 0.2874 0.0230 15.730 16.936
32 1 52 5 0.6010 0.0478 0.3512 0.0473 15.389 21.770
32 1 56 5 0.5664 0.0388 0.3948 0.0740 15.927 29.844
32 1 60 5 0.5306 0.0356 0.4338 0.0927 16.856 46.008
32 1 64 5 0.4744 0.0332 0.4924 0.1109 17.475 93.349
32 1 72 5 0.4475 0.0195 0.5330 0.1492 19.346 250.039
32 1 80 5 0.4080 0.0210 0.5710 0.1436 20.098 513.137
32 1 96 5 0.2940 0.0060 0.7000 0.1714 11.679 1420.540
32 1 112 5 0.2860 0.0040 0.7100 0.1662 13.392 5048.585
32 1 128 5 0.2400 0.0100 0.7500 0.1973 13.179 19623.704
48 1 16 5 1.0000 0.0000 0.0000 0.0000 0.301 0.000
48 1 20 5 1.0000 0.0000 0.0000 0.0000 0.597 0.000
48 1 24 5 0.9996 0.0004 0.0000 0.0000 1.350 0.000
48 1 28 5 0.9992 0.0008 0.0000 0.0000 3.968 0.000
48 1 32 5 0.9576 0.0020 0.0404 0.0000 7.311 6.892
48 1 36 5 0.9004 0.0046 0.0950 0.0000 9.346 7.942
48 1 40 5 0.8254 0.0042 0.1704 0.0000 12.706 10.204
48 1 44 5 0.7580 0.0064 0.2356 0.0000 13.627 11.858
48 1 48 5 0.6990 0.0042 0.2968 0.0013 16.430 16.833
48 1 52 5 0.6316 0.0050 0.3634 0.0055 17.504 23.226
48 1 56 5 0.5900 0.0026 0.4074 0.0029 17.627 30.421
48 1 60 5 0.5486 0.0060 0.4454 0.0063 18.503 46.526
48 1 64 5 0.4862 0.0030 0.5108 0.0074 18.497 90.110
48 1 72 5 0.4470 0.0015 0.5515 0.0118 20.283 240.111
48 1 80 5 0.4070 0.0030 0.5900 0.0076 20.904 492.224
48 1 96 5 0.2780 0.0040 0.7180 0.0000 11.599 1348.675
48 1 112 5 0.2520 0.0060 0.7420 0.0081 11.761 4267.538
48 1 128 5 0.2220 0.0000 0.7780 0.0129 13.303 19207.017
96 1 16 5 1.0000 0.0000 0.0000 0.0000 0.269 0.000
96 1 20 5 1.0000 0.0000 0.0000 0.0000 0.620 0.000
96 1 24 5 1.0000 0.0000 0.0000 0.0000 1.475 0.000
96 1 28 5 1.0000 0.0000 0.0000 0.0000 3.968 0.000
96 1 32 5 0.9596 0.0000 0.0404 0.0000 7.502 7.139
96 1 36 5 0.9048 0.0002 0.0950 0.0000 10.346 8.492
96 1 40 5 0.8292 0.0004 0.1704 0.0000 12.982 10.545
96 1 44 5 0.7636 0.0008 0.2356 0.0000 14.470 12.597
96 1 48 5 0.7012 0.0020 0.2968 0.0000 15.263 15.592
96 1 52 5 0.6340 0.0014 0.3646 0.0011 15.826 20.953
96 1 56 5 0.5870 0.0012 0.4118 0.0005 16.893 29.245
96 1 60 5 0.5446 0.0014 0.4540 0.0018 18.527 46.018
96 1 64 5 0.4754 0.0016 0.5230 0.0023 18.743 88.557
96 1 72 5 0.4305 0.0000 0.5695 0.0018 20.397 233.568
96 1 80 5 0.3855 0.0005 0.6140 0.0057 21.134 474.756
96 1 96 5 0.2660 0.0000 0.7340 0.0082 11.681 1311.112
96 1 112 5 0.2340 0.0000 0.7660 0.0131 12.712 4435.295
96 1 128 5 0.2040 0.0000 0.7960 0.0050 14.232 19494.035
