4 1 16 5 0.5322 0.4678 0.0000 0.0000 0.273 0.000
4 1 20 5 0.5470 0.4530 0.0000 0.0000 0.553 0.000
4 1 24 5 0.5678 0.4322 0.0000 0.0000 3.098 0.000
4 1 28 5 0.6012 0.3988 0.0000 0.0000 8.038 0.000
4 1 32 5 0.6288 0.3322 0.0390 1.0000 11.459 28.063
4 1 36 5 0.6480 0.2858 0.0662 1.0000 12.112 21.357
4 1 40 5 0.6526 0.2554 0.0920 1.0000 13.309 12.442
4 1 44 5 0.6816 0.2230 0.0954 0.9958 9.343 50.327
4 1 48 5 0.6994 0.2028 0.0978 0.9571 11.842 22.821
4 1 52 5 0.7050 0.1802 0.1148 0.9390 10.399 74.804
4 1 56 5 0.7018 0.1786 0.1196 0.8829 10.571 101.393
4 1 60 5 0.7154 0.1572 0.1274 0.8650 9.582 147.368
4 1 64 5 0.7266 0.1402 0.1332 0.8003 8.512 448.174
4 1 72 5 0.7385 0.1210 0.1405 0.7616 11.191 799.799
4 1 80 5 0.7355 0.1160 0.1485 0.7205 19.593 1328.959
4 1 96 5 0.7140 0.0760 0.2100 0.4952 5.482 3144.789
4 1 112 5 0.7300 0.0740 0.1960 0.4592 6.223 10089.241
4 1 128 5 0.7140 0.0640 0.2220 0.5045 14.264 33227.282
5 4 16 5 0.6558 0.3442 0.0000 0.0000 0.240 0.000
5 4 20 5 0.7172 0.2828 0.0000 0.0000 0.497 0.000
5 4 24 5 0.7694 0.2306 0.0000 0.0000 2.773 0.000
5 4 28 5 0.7922 0.2078 0.0000 0.0000 6.451 0.000
5 4 32 5 0.8218 0.1782 0.0000 0.0000 8.326 0.000
5 4 36 5 0.8484 0.1516 0.0000 0.0000 9.154 0.000
5 4 40 5 0.8630 0.1370 0.0000 0.0000 8.800 0.000
5 4 44 5 0.8854 0.1146 0.0000 0.0000 8.682 0.000
5 4 48 5 0.8856 0.1144 0.0000 0.0000 8.703 0.000
5 4 52 5 0.8974 0.1026 0.0000 0.0000 10.308 0.000
5 4 56 5 0.9026 0.0974 0.0000 0.0000 8.473 0.000
5 4 60 5 0.9068 0.0932 0.0000 0.0000 8.563 0.000
5 4 64 5 0.9234 0.0766 0.0000 0.0000 8.263 0.000
5 4 72 5 0.9165 0.0835 0.0000 0.0000 8.951 0.000
5 4 80 5 0.9395 0.0605 0.0000 0.0000 8.546 0.000
5 4 96 5 0.9420 0.0580 0.0000 0.0000 2.823 0.000
5 4 112 5 0.9420 0.0580 0.0000 0.0000 3.027 0.000
5 4 128 5 0.9480 0.0520 0.0000 0.0000 12.348 0.000
10 1 16 5 0.9996 0.0004 0.0000 0.0000 0.294 0.000
10 1 20 5 1.0000 0.0000 0.0000 0.0000 1.482 0.000
10 1 24 5 0.9998 0.0002 0.0000 0.0000 3.194 0.000
10 1 28 5 0.9998 0.0002 0.0000 0.0000 9.396 0.000
10 1 32 5 0.9610 0.0000 0.0390 0.0000 15.597 7.113
10 1 36 5 0.9338 0.0000 0.0662 0.0000 18.138 7.290
10 1 40 5 0.9080 0.0000 0.0920 0.0000 22.708 9.123
10 1 44 5 0.9046 0.0000 0.0954 0.0000 20.762 30.367
10 1 48 5 0.9022 0.0000 0.0978 0.0000 17.505 60.336
10 1 52 5 0.8850 0.0002 0.1148 0.0000 20.553 73.718
10 1 56 5 0.8804 0.0000 0.1196 0.0000 21.512 99.798
10 1 60 5 0.8726 0.0000 0.1274 0.0000 22.476 126.903
10 1 64 5 0.8666 0.0002 0.1332 0.0000 19.032 395.682
10 1 72 5 0.8595 0.0000 0.1405 0.0000 25.707 727.987
10 1 80 5 0.8515 0.0000 0.1485 0.0000 18.226 1393.197
10 1 96 5 0.7900 0.0000 0.2100 0.0000 14.912 3067.351
10 1 112 5 0.8040 0.0000 0.1960 0.0000 15.418 9805.208
10 1 128 5 0.7780 0.0000 0.2220 0.0000 31.990 33360.755
20 1 16 5 1.0000 0.0000 0.0000 0.0000 0.275 0.000
20 1 20 5 1.0000 0.0000 0.0000 0.0000 1.394 0.000
20 1 24 5 0.9998 0.0002 0.0000 0.0000 3.053 0.000
20 1 28 5 0.9998 0.0002 0.0000 0.0000 7.928 0.000
20 1 32 5 0.9592 0.0004 0.0404 0.0000 12.651 26.893
20 1 36 5 0.9066 0.0006 0.0928 0.0000 22.974 8.550
20 1 40 5 0.8404 0.0002 0.1594 0.0000 23.592 14.580
20 1 44 5 0.7992 0.0002 0.2006 0.0000 36.918 29.917
20 1 48 5 0.7732 0.0004 0.2264 0.0000 27.337 29.928
20 1 52 5 0.7394 0.0002 0.2604 0.0008 28.273 55.568
20 1 56 5 0.7230 0.0000 0.2770 0.0000 26.991 70.906
20 1 60 5 0.7062 0.0002 0.2936 0.0007 26.667 116.073
20 1 64 5 0.6798 0.0002 0.3200 0.0006 31.692 230.206
20 1 72 5 0.6650 0.0005 0.3345 0.0000 32.832 680.913
20 1 80 5 0.6365 0.0005 0.3630 0.0000 28.973 1242.906
20 1 96 5 0.5220 0.0000 0.4780 0.0000 17.642 2995.093
20 1 112 5 0.5420 0.0000 0.4580 0.0000 9.963 9202.772
20 1 128 5 0.4900 0.0000 0.5100 0.0000 36.298 43656.445
25 4 16 5 0.5324 0.4676 0.0000 0.0000 0.250 0.000
25 4 20 5 0.5470 0.4530 0.0000 0.0000 1.342 0.000
25 4 24 5 0.5678 0.4322 0.0000 0.0000 3.100 0.000
25 4 28 5 0.6012 0.3988 0.0000 0.0000 8.273 0.000
25 4 32 5 0.6288 0.3322 0.0390 0.0000 11.045 6.656
25 4 36 5 0.6480 0.2858 0.0662 0.0000 12.086 6.775
25 4 40 5 0.6526 0.2554 0.0920 0.0000 11.127 35.481
25 4 44 5 0.6816 0.2230 0.0954 0.0000 9.508 38.221
25 4 48 5 0.6994 0.2028 0.0978 0.0000 12.344 37.105
25 4 52 5 0.7050 0.1802 0.1148 0.0000 12.997 51.481
25 4 56 5 0.7018 0.1786 0.1196 0.0000 14.499 72.202
25 4 60 5 0.7154 0.1572 0.1274 0.0000 10.196 169.735
25 4 64 5 0.7266 0.1402 0.1332 0.0000 11.952 425.390
25 4 72 5 0.7385 0.1210 0.1405 0.0000 14.543 856.890
25 4 80 5 0.7355 0.1160 0.1485 0.0000 12.661 1505.199
25 4 96 5 0.7140 0.0760 0.2100 0.0000 5.764 3235.009
25 4 112 5 0.7300 0.0740 0.1960 0.0000 6.082 9708.034
25 4 128 5 0.7140 0.0640 0.2220 0.0000 6.919 22555.132
50 1 16 5 1.0000 0.0000 0.0000 0.0000 0.246 0.000
50 1 20 5 1.0000 0.0000 0.0000 0.0000 0.589 0.000
50 1 24 5 1.0000 0.0000 0.0000 0.0000 1.423 0.000
50 1 28 5 1.0000 0.0000 0.0000 0.0000 4.020 0.000
50 1 32 5 0.9610 0.0000 0.0390 0.0000 6.992 7.149
50 1 36 5 0.9338 0.0000 0.0662 0.0000 9.294 7.492
50 1 40 5 0.9080 0.0000 0.0920 0.0000 10.726 9.469
50 1 44 5 0.9046 0.0000 0.0954 0.0000 10.375 13.203
50 1 48 5 0.9022 0.0000 0.0978 0.0000 10.147 19.073
50 1 52 5 0.8850 0.0000 0.1150 0.0000 9.550 27.439
50 1 56 5 0.8804 0.0000 0.1196 0.0000 10.453 44.367
50 1 60 5 0.8724 0.0000 0.1276 0.0000 10.628 72.455
50 1 64 5 0.8666 0.0000 0.1334 0.0000 10.403 190.260
50 1 72 5 0.8595 0.0000 0.1405 0.0000 10.761 352.027
50 1 80 5 0.8515 0.0000 0.1485 0.0000 12.053 672.985
50 1 96 5 0.7900 0.0000 0.2100 0.0000 6.825 1537.110
50 1 112 5 0.8040 0.0000 0.1960 0.0000 7.414 4837.512
50 1 128 5 0.7780 0.0000 0.2220 0.0000 8.211 28580.941
100 1 16 5 1.0000 0.0000 0.0000 0.0000 0.275 0.000
100 1 20 5 1.0000 0.0000 0.0000 0.0000 1.387 0.000
100 1 24 5 1.0000 0.0000 0.0000 0.0000 3.142 0.000
100 1 28 5 1.0000 0.0000 0.0000 0.0000 8.344 0.000
100 1 32 5 0.9596 0.0000 0.0404 0.0000 14.621 7.032
100 1 36 5 0.9072 0.0000 0.0928 0.0000 22.753 8.619
100 1 40 5 0.8406 0.0000 0.1594 0.0000 25.511 20.499
100 1 44 5 0.7994 0.0000 0.2006 0.0000 26.385 28.387
100 1 48 5 0.7736 0.0000 0.2264 0.0000 29.719 33.931
100 1 52 5 0.7396 0.0000 0.2604 0.0000 28.559 51.265
100 1 56 5 0.7230 0.0000 0.2770 0.0000 30.311 73.276
100 1 60 5 0.7064 0.0000 0.2936 0.0000 29.703 113.703
100 1 64 5 0.6800 0.0000 0.3200 0.0000 19.841 181.015
100 1 72 5 0.6650 0.0000 0.3350 0.0000 15.491 311.427
100 1 80 5 0.6370 0.0000 0.3630 0.0000 16.439 599.953
100 1 96 5 0.5220 0.0000 0.4780 0.0000 9.037 1412.843
100 1 112 5 0.5420 0.0000 0.4580 0.0000 9.896 4546.480
100 1 128 5 0.4900 0.0000 0.5100 0.0000 10.677 19945.108
