3 2 16 7 0.5940 0.4060 0.0000 0.0000 0.288 0.000
3 2 20 7 0.6698 0.3302 0.0000 0.0000 0.622 0.000
3 2 24 7 0.7342 0.2658 0.0000 0.0000 1.428 0.000
3 2 28 7 0.7588 0.2412 0.0000 0.0000 4.052 0.000
3 2 32 7 0.7920 0.2080 0.0000 0.0000 5.545 0.000
3 2 36 7 0.8238 0.1762 0.0000 0.0000 5.371 0.000
3 2 40 7 0.8440 0.1560 0.0000 0.0000 5.389 0.000
3 2 44 7 0.8632 0.1368 0.0000 0.0000 5.312 0.000
3 2 48 7 0.8668 0.1332 0.0000 0.0000 5.287 0.000
3 2 52 7 0.8756 0.1244 0.0000 0.0000 5.402 0.000
3 2 56 7 0.8834 0.1166 0.0000 0.0000 5.257 0.000
3 2 60 7 0.8916 0.1084 0.0000 0.0000 5.218 0.000
3 2 64 7 0.9092 0.0908 0.0000 0.0000 5.046 0.000
3 2 72 7 0.8990 0.1010 0.0000 0.0000 5.593 0.000
3 2 80 7 0.9260 0.0740 0.0000 0.0000 5.140 0.000
3 2 96 7 0.9280 0.0720 0.0000 0.0000 3.384 0.000
3 2 112 7 0.9340 0.0660 0.0000 0.0000 3.535 0.000
3 2 128 7 0.9420 0.0580 0.0000 0.0000 3.929 0.000
4 1 16 7 0.5256 0.4744 0.0000 0.0000 0.299 0.000
4 1 20 7 0.5290 0.4710 0.0000 0.0000 0.576 0.000
4 1 24 7 0.5412 0.4588 0.0000 0.0000 1.515 0.000
4 1 28 7 0.5720 0.4280 0.0000 0.0000 4.336 0.000
4 1 32 7 0.5946 0.3588 0.0466 1.0000 6.300 6.854
4 1 36 7 0.6196 0.3032 0.0772 1.0000 6.451 8.475
4 1 40 7 0.6244 0.2696 0.1060 1.0000 6.739 12.495
4 1 44 7 0.6438 0.2412 0.1150 0.9965 6.555 17.119
4 1 48 7 0.6718 0.2130 0.1152 0.9549 6.574 24.125
4 1 52 7 0.6786 0.1888 0.1326 0.9397 6.799 35.429
4 1 56 7 0.6708 0.1880 0.1412 0.8810 6.903 48.770
4 1 60 7 0.6842 0.1684 0.1474 0.8535 7.130 78.266
4 1 64 7 0.6942 0.1526 0.1532 0.8042 6.685 201.156
4 1 72 7 0.7110 0.1275 0.1615 0.7585 8.376 387.916
4 1 80 7 0.7095 0.1165 0.1740 0.7040 8.711 671.351
4 1 96 7 0.6760 0.0780 0.2460 0.5041 6.456 1722.889
4 1 112 7 0.6960 0.0720 0.2320 0.4828 6.497 4873.003
4 1 128 7 0.6800 0.0640 0.2560 0.4766 7.350 15712.090
6 1 16 7 0.9772 0.0228 0.0000 0.0000 0.289 0.000
6 1 20 7 0.9814 0.0186 0.0000 0.0000 0.628 0.000
6 1 24 7 0.9868 0.0132 0.0000 0.0000 1.626 0.000
6 1 28 7 0.9896 0.0104 0.0000 0.0000 4.507 0.000
6 1 32 7 0.9440 0.0094 0.0466 0.0000 7.528 6.499
6 1 36 7 0.9156 0.0072 0.0772 0.0000 9.393 6.744
6 1 40 7 0.8880 0.0060 0.1060 0.0000 11.851 9.521
6 1 44 7 0.8816 0.0034 0.1150 0.0000 11.970 13.824
6 1 48 7 0.8804 0.0044 0.1152 0.0000 11.853 20.388
6 1 52 7 0.8646 0.0028 0.1326 0.0000 11.764 31.122
6 1 56 7 0.8546 0.0042 0.1412 0.0000 12.932 44.449
6 1 60 7 0.8498 0.0028 0.1474 0.0000 12.499 73.346
6 1 64 7 0.8424 0.0044 0.1532 0.0000 12.202 202.648
6 1 72 7 0.8355 0.0030 0.1615 0.0000 13.309 379.650
6 1 80 7 0.8225 0.0035 0.1740 0.0000 13.222 664.331
6 1 96 7 0.7540 0.0000 0.2460 0.0000 7.644 1627.770
6 1 112 7 0.7620 0.0060 0.2320 0.0000 8.210 4895.358
6 1 128 7 0.7440 0.0000 0.2560 0.0000 9.083 15566.369
8 1 16 7 0.9100 0.0900 0.0000 0.0000 0.293 0.000
8 1 20 7 0.8380 0.1620 0.0000 0.0000 0.633 0.000
8 1 24 7 0.7870 0.2130 0.0000 0.0000 1.456 0.000
8 1 28 7 0.7548 0.2452 0.0000 0.0000 4.625 0.000
8 1 32 7 0.6792 0.2742 0.0466 0.0000 7.939 6.839
8 1 36 7 0.6126 0.2864 0.1010 0.2356 10.112 7.979
8 1 40 7 0.5910 0.2390 0.1700 0.3765 12.554 11.313
8 1 44 7 0.5750 0.2016 0.2234 0.4870 12.744 13.876
8 1 48 7 0.5676 0.1840 0.2484 0.5572 12.319 18.207
8 1 52 7 0.5602 0.1598 0.2800 0.5479 12.132 26.111
8 1 56 7 0.5578 0.1378 0.3044 0.5716 12.803 37.207
8 1 60 7 0.5424 0.1346 0.3230 0.5659 12.930 57.191
8 1 64 7 0.5352 0.1178 0.3470 0.5810 13.068 128.886
8 1 72 7 0.5305 0.0985 0.3710 0.5553 14.753 332.306
8 1 80 7 0.5060 0.0990 0.3950 0.5494 14.986 609.909
8 1 96 7 0.4180 0.0560 0.5260 0.4867 9.360 1566.608
8 1 112 7 0.4500 0.0560 0.4940 0.4494 10.130 5061.942
8 1 128 7 0.4020 0.0340 0.5640 0.4397 10.895 18767.944
12 1 16 7 0.9966 0.0034 0.0000 0.0000 0.287 0.000
12 1 20 7 0.9920 0.0080 0.0000 0.0000 0.643 0.000
12 1 24 7 0.9854 0.0146 0.0000 0.0000 1.592 0.000
12 1 28 7 0.9842 0.0158 0.0000 0.0000 4.536 0.000
12 1 32 7 0.9392 0.0142 0.0466 0.0000 7.872 6.960
12 1 36 7 0.8846 0.0144 0.1010 0.0000 10.649 8.154
12 1 40 7 0.8168 0.0124 0.1708 0.0047 12.982 10.346
12 1 44 7 0.7646 0.0110 0.2244 0.0045 14.760 12.821
12 1 48 7 0.7374 0.0108 0.2518 0.0135 15.351 16.923
12 1 52 7 0.7108 0.0046 0.2846 0.0162 15.193 24.145
12 1 56 7 0.6848 0.0070 0.3082 0.0104 15.178 33.073
12 1 60 7 0.6676 0.0064 0.3260 0.0092 16.552 55.324
12 1 64 7 0.6430 0.0050 0.3520 0.0131 16.058 120.473
12 1 72 7 0.6155 0.0090 0.3755 0.0080 17.462 316.025
12 1 80 7 0.5985 0.0035 0.3980 0.0063 18.097 608.866
12 1 96 7 0.4720 0.0000 0.5280 0.0000 10.865 1631.754
12 1 112 7 0.4960 0.0020 0.5020 0.0120 11.583 5088.114
12 1 128 7 0.4260 0.0020 0.5720 0.0035 12.554 18753.835
16 1 16 7 0.9998 0.0002 0.0000 0.0000 0.295 0.000
16 1 20 7 0.9904 0.0096 0.0000 0.0000 0.666 0.000
16 1 24 7 0.9672 0.0328 0.0000 0.0000 1.713 0.000
16 1 28 7 0.9496 0.0504 0.0000 0.0000 4.731 0.000
16 1 32 7 0.8816 0.0718 0.0466 0.0000 8.376 7.215
16 1 36 7 0.8124 0.0866 0.1010 0.0000 13.386 9.311
16 1 40 7 0.7160 0.1076 0.1764 0.0363 13.945 11.277
16 1 44 7 0.6446 0.1088 0.2466 0.0941 16.107 13.888
16 1 48 7 0.6020 0.1036 0.2944 0.1562 15.210 16.749
16 1 52 7 0.5614 0.0894 0.3492 0.2039 16.019 24.443
16 1 56 7 0.5334 0.0758 0.3908 0.2344 18.329 34.984
16 1 60 7 0.5084 0.0706 0.4210 0.2599 17.501 50.954
16 1 64 7 0.4758 0.0562 0.4680 0.2889 16.771 104.262
16 1 72 7 0.4430 0.0595 0.4975 0.3025 18.628 269.084
16 1 80 7 0.4165 0.0465 0.5370 0.3184 19.041 540.964
16 1 96 7 0.3180 0.0240 0.6580 0.3161 10.431 1443.620
16 1 112 7 0.3100 0.0180 0.6720 0.3601 11.898 4734.547
16 1 128 7 0.2520 0.0240 0.7240 0.2901 13.596 22448.595
24 1 16 7 1.0000 0.0000 0.0000 0.0000 0.286 0.000
24 1 20 7 0.9998 0.0002 0.0000 0.0000 0.619 0.000
24 1 24 7 0.9988 0.0012 0.0000 0.0000 3.191 0.000
24 1 28 7 0.9956 0.0044 0.0000 0.0000 9.533 0.000
24 1 32 7 0.9456 0.0078 0.0466 0.0000 16.050 7.063
24 1 36 7 0.8914 0.0076 0.1010 0.0000 22.300 8.530
24 1 40 7 0.8144 0.0084 0.1772 0.0000 26.629 24.816
24 1 44 7 0.7444 0.0076 0.2480 0.0016 31.072 23.087
24 1 48 7 0.6934 0.0062 0.3004 0.0087 34.134 35.158
24 1 52 7 0.6370 0.0068 0.3562 0.0067 34.215 48.776
24 1 56 7 0.5970 0.0060 0.3970 0.0076 38.169 63.599
24 1 60 7 0.5690 0.0044 0.4266 0.0061 38.379 89.615
24 1 64 7 0.5168 0.0058 0.4774 0.0101 41.190 216.927
24 1 72 7 0.4905 0.0050 0.5045 0.0069 35.059 542.011
24 1 80 7 0.4535 0.0020 0.5445 0.0083 32.512 1064.593
24 1 96 7 0.3320 0.0020 0.6660 0.0090 11.958 2983.567
24 1 112 7 0.3160 0.0000 0.6840 0.0029 21.926 9881.204
24 1 128 7 0.2620 0.0020 0.7360 0.0109 63.303 33620.978
48 1 16 7 1.0000 0.0000 0.0000 0.0000 0.298 0.000
48 1 20 7 1.0000 0.0000 0.0000 0.0000 1.436 0.000
48 1 24 7 1.0000 0.0000 0.0000 0.0000 3.231 0.000
48 1 28 7 1.0000 0.0000 0.0000 0.0000 9.373 0.000
48 1 32 7 0.9526 0.0008 0.0466 0.0000 16.947 7.563
48 1 36 7 0.8976 0.0014 0.1010 0.0000 22.322 8.394
48 1 40 7 0.8210 0.0018 0.1772 0.0000 26.642 24.817
48 1 44 7 0.7466 0.0042 0.2492 0.0000 30.525 26.403
48 1 48 7 0.6930 0.0024 0.3046 0.0007 31.543 46.838
48 1 52 7 0.6286 0.0030 0.3684 0.0011 33.723 52.755
48 1 56 7 0.5776 0.0018 0.4206 0.0010 33.364 70.358
48 1 60 7 0.5384 0.0034 0.4582 0.0026 42.123 89.512
48 1 64 7 0.4814 0.0018 0.5168 0.0046 44.961 195.661
48 1 72 7 0.4420 0.0005 0.5575 0.0045 46.702 480.560
48 1 80 7 0.3950 0.0020 0.6030 0.0075 38.870 963.734
48 1 96 7 0.2700 0.0040 0.7260 0.0028 44.441 2777.278
48 1 112 7 0.2520 0.0040 0.7440 0.0081 28.425 8721.177
48 1 128 7 0.2080 0.0000 0.7920 0.0051 13.687 19552.122
