3 2 16 3 0.7250 0.2750 0.0000 0.0000 0.219 0.000
3 2 20 3 0.7736 0.2264 0.0000 0.0000 0.427 0.000
3 2 24 3 0.8144 0.1856 0.0000 0.0000 0.980 0.000
3 2 28 3 0.8320 0.1680 0.0000 0.0000 2.707 0.000
3 2 32 3 0.8614 0.1386 0.0000 0.0000 3.847 0.000
3 2 36 3 0.8766 0.1234 0.0000 0.0000 3.887 0.000
3 2 40 3 0.8888 0.1112 0.0000 0.0000 3.750 0.000
3 2 44 3 0.9078 0.0922 0.0000 0.0000 3.400 0.000
3 2 48 3 0.9074 0.0926 0.0000 0.0000 3.518 0.000
3 2 52 3 0.9172 0.0828 0.0000 0.0000 3.378 0.000
3 2 56 3 0.9258 0.0742 0.0000 0.0000 3.424 0.000
3 2 60 3 0.9244 0.0756 0.0000 0.0000 3.954 0.000
3 2 64 3 0.9396 0.0604 0.0000 0.0000 3.665 0.000
3 2 72 3 0.9350 0.0650 0.0000 0.0000 3.875 0.000
3 2 80 3 0.9515 0.0485 0.0000 0.0000 3.891 0.000
3 2 96 3 0.9540 0.0460 0.0000 0.0000 2.483 0.000
3 2 112 3 0.9580 0.0420 0.0000 0.0000 2.483 0.000
3 2 128 3 0.9560 0.0440 0.0000 0.0000 2.799 0.000
6 1 16 3 0.9576 0.0424 0.0000 0.0000 0.273 0.000
6 1 20 3 0.9676 0.0324 0.0000 0.0000 0.545 0.000
6 1 24 3 0.9758 0.0242 0.0000 0.0000 1.357 0.000
6 1 28 3 0.9814 0.0186 0.0000 0.0000 3.778 0.000
6 1 32 3 0.9548 0.0158 0.0294 0.0000 6.613 7.314
6 1 36 3 0.9366 0.0116 0.0518 0.0000 8.206 6.589
6 1 40 3 0.9170 0.0120 0.0710 0.0000 9.722 9.269
6 1 44 3 0.9186 0.0090 0.0724 0.0000 9.584 14.534
6 1 48 3 0.9112 0.0108 0.0780 0.0000 9.907 19.409
6 1 52 3 0.9020 0.0092 0.0888 0.0000 9.164 30.518
6 1 56 3 0.8918 0.0082 0.1000 0.0000 9.470 44.611
6 1 60 3 0.8870 0.0078 0.1052 0.0000 9.596 70.886
6 1 64 3 0.8842 0.0078 0.1080 0.0000 9.448 193.669
6 1 72 3 0.8820 0.0070 0.1110 0.0000 10.389 393.007
6 1 80 3 0.8760 0.0045 0.1195 0.0000 10.753 659.172
6 1 96 3 0.8300 0.0080 0.1620 0.0000 6.149 1458.884
6 1 112 3 0.8200 0.0080 0.1720 0.0000 7.293 4864.223
6 1 128 3 0.8300 0.0000 0.1700 0.0000 7.732 21232.359
9 2 16 3 0.5582 0.4418 0.0000 0.0000 0.231 0.000
9 2 20 3 0.5930 0.4070 0.0000 0.0000 0.425 0.000
9 2 24 3 0.6096 0.3904 0.0000 0.0000 1.375 0.000
9 2 28 3 0.6470 0.3530 0.0000 0.0000 3.313 0.000
9 2 32 3 0.6740 0.2966 0.0294 0.0000 4.467 6.429
9 2 36 3 0.6914 0.2568 0.0518 0.0000 4.649 6.095
9 2 40 3 0.7048 0.2242 0.0710 0.0000 4.854 8.472
9 2 44 3 0.7296 0.1980 0.0724 0.0000 4.401 12.638
9 2 48 3 0.7412 0.1808 0.0780 0.0000 4.968 19.572
9 2 52 3 0.7512 0.1600 0.0888 0.0000 5.588 32.764
9 2 56 3 0.7410 0.1590 0.1000 0.0000 5.507 47.514
9 2 60 3 0.7526 0.1422 0.1052 0.0000 5.317 73.359
9 2 64 3 0.7674 0.1246 0.1080 0.0000 5.214 197.713
9 2 72 3 0.7830 0.1060 0.1110 0.0000 6.588 419.698
9 2 80 3 0.7760 0.1045 0.1195 0.0000 6.575 703.442
9 2 96 3 0.7680 0.0700 0.1620 0.0000 5.211 1560.113
9 2 112 3 0.7640 0.0640 0.1720 0.0000 5.680 4964.180
9 2 128 3 0.7700 0.0600 0.1700 0.0000 6.406 20978.292
18 1 16 3 0.9992 0.0008 0.0000 0.0000 0.233 0.000
18 1 20 3 0.9990 0.0010 0.0000 0.0000 0.529 0.000
18 1 24 3 0.9992 0.0008 0.0000 0.0000 1.310 0.000
18 1 28 3 0.9990 0.0010 0.0000 0.0000 3.578 0.000
18 1 32 3 0.9698 0.0008 0.0294 0.0000 6.508 7.137
18 1 36 3 0.9460 0.0006 0.0534 0.0000 9.116 7.005
18 1 40 3 0.9256 0.0008 0.0736 0.0000 10.139 9.219
18 1 44 3 0.9230 0.0004 0.0766 0.0000 9.815 13.547
18 1 48 3 0.9150 0.0002 0.0848 0.0000 10.253 18.752
18 1 52 3 0.9026 0.0002 0.0972 0.0000 10.166 30.265
18 1 56 3 0.8922 0.0002 0.1076 0.0000 10.353 44.816
18 1 60 3 0.8870 0.0000 0.1130 0.0000 10.158 68.637
18 1 64 3 0.8836 0.0004 0.1160 0.0000 10.208 186.734
18 1 72 3 0.8765 0.0000 0.1235 0.0000 11.062 371.852
18 1 80 3 0.8745 0.0000 0.1255 0.0000 10.686 639.793
18 1 96 3 0.8300 0.0000 0.1700 0.0000 6.600 1453.709
18 1 112 3 0.8000 0.0000 0.2000 0.0000 7.479 4535.048
18 1 128 3 0.8100 0.0000 0.1900 0.0000 7.753 26407.016
