3 2 16 3 0.7250 0.2750 0.0000 0.0000 0.198 0.000
3 2 20 3 0.7736 0.2264 0.0000 0.0000 0.383 0.000
3 2 24 3 0.8144 0.1856 0.0000 0.0000 0.882 0.000
3 2 28 3 0.8320 0.1680 0.0000 0.0000 2.400 0.000
3 2 32 3 0.8614 0.1386 0.0000 0.0000 3.330 0.000
3 2 36 3 0.8766 0.1234 0.0000 0.0000 3.785 0.000
3 2 40 3 0.8888 0.1112 0.0000 0.0000 3.688 0.000
3 2 44 3 0.9078 0.0922 0.0000 0.0000 3.431 0.000
3 2 48 3 0.9074 0.0926 0.0000 0.0000 3.565 0.000
3 2 52 3 0.9172 0.0828 0.0000 0.0000 3.443 0.000
3 2 56 3 0.9258 0.0742 0.0000 0.0000 3.575 0.000
3 2 60 3 0.9244 0.0756 0.0000 0.0000 3.746 0.000
3 2 64 3 0.9396 0.0604 0.0000 0.0000 3.479 0.000
3 2 72 3 0.9350 0.0650 0.0000 0.0000 3.780 0.000
3 2 80 3 0.9515 0.0485 0.0000 0.0000 3.601 0.000
3 2 96 3 0.9540 0.0460 0.0000 0.0000 2.309 0.000
3 2 112 3 0.9580 0.0420 0.0000 0.0000 2.594 0.000
3 2 128 3 0.9560 0.0440 0.0000 0.0000 2.724 0.000
6 1 16 3 0.9576 0.0424 0.0000 0.0000 0.232 0.000
6 1 20 3 0.9676 0.0324 0.0000 0.0000 0.551 0.000
6 1 24 3 0.9758 0.0242 0.0000 0.0000 1.183 0.000
6 1 28 3 0.9814 0.0186 0.0000 0.0000 3.389 0.000
6 1 32 3 0.9548 0.0158 0.0294 0.0000 6.054 6.415
6 1 36 3 0.9366 0.0116 0.0518 0.0000 8.187 6.662
6 1 40 3 0.9170 0.0120 0.0710 0.0000 8.947 8.591
6 1 44 3 0.9186 0.0090 0.0724 0.0000 8.784 12.995
6 1 48 3 0.9112 0.0108 0.0780 0.0000 8.955 18.491
6 1 52 3 0.9020 0.0092 0.0888 0.0000 8.762 29.137
6 1 56 3 0.8918 0.0082 0.1000 0.0000 8.904 43.513
6 1 60 3 0.8870 0.0078 0.1052 0.0000 8.889 67.173
6 1 64 3 0.8842 0.0078 0.1080 0.0000 8.741 178.149
6 1 72 3 0.8820 0.0070 0.1110 0.0000 9.944 378.254
6 1 80 3 0.8760 0.0045 0.1195 0.0000 10.507 675.323
6 1 96 3 0.8300 0.0080 0.1620 0.0000 6.153 1484.134
6 1 112 3 0.8200 0.0080 0.1720 0.0000 6.863 4767.653
6 1 128 3 0.8300 0.0000 0.1700 0.0000 7.148 19777.791
9 2 16 3 0.5582 0.4418 0.0000 0.0000 0.230 0.000
9 2 20 3 0.5930 0.4070 0.0000 0.0000 0.476 0.000
9 2 24 3 0.6096 0.3904 0.0000 0.0000 1.364 0.000
9 2 28 3 0.6470 0.3530 0.0000 0.0000 3.418 0.000
9 2 32 3 0.6740 0.2966 0.0294 0.0000 4.628 6.766
9 2 36 3 0.6914 0.2568 0.0518 0.0000 5.047 6.695
9 2 40 3 0.7048 0.2242 0.0710 0.0000 5.127 8.961
9 2 44 3 0.7296 0.1980 0.0724 0.0000 4.616 13.707
9 2 48 3 0.7412 0.1808 0.0780 0.0000 4.975 19.244
9 2 52 3 0.7512 0.1600 0.0888 0.0000 4.978 31.342
9 2 56 3 0.7410 0.1590 0.1000 0.0000 4.958 44.633
9 2 60 3 0.7526 0.1422 0.1052 0.0000 4.804 67.008
9 2 64 3 0.7674 0.1246 0.1080 0.0000 4.651 181.333
9 2 72 3 0.7830 0.1060 0.1110 0.0000 6.522 408.245
9 2 80 3 0.7760 0.1045 0.1195 0.0000 6.617 689.449
9 2 96 3 0.7680 0.0700 0.1620 0.0000 4.646 1487.289
9 2 112 3 0.7640 0.0640 0.1720 0.0000 5.489 4794.925
9 2 128 3 0.7700 0.0600 0.1700 0.0000 6.126 21285.423
18 1 16 3 0.9992 0.0008 0.0000 0.0000 0.362 0.000
18 1 20 3 0.9990 0.0010 0.0000 0.0000 0.903 0.000
18 1 24 3 0.9992 0.0008 0.0000 0.0000 1.456 0.000
18 1 28 3 0.9990 0.0010 0.0000 0.0000 3.757 0.000
18 1 32 3 0.9698 0.0008 0.0294 0.0000 6.627 7.054
18 1 36 3 0.9460 0.0006 0.0534 0.0000 9.873 7.208
18 1 40 3 0.9256 0.0008 0.0736 0.0000 10.508 9.199
18 1 44 3 0.9230 0.0004 0.0766 0.0000 9.808 13.204
18 1 48 3 0.9150 0.0002 0.0848 0.0000 10.652 19.232
18 1 52 3 0.9026 0.0002 0.0972 0.0000 10.095 29.905
18 1 56 3 0.8922 0.0002 0.1076 0.0000 10.216 44.152
18 1 60 3 0.8870 0.0000 0.1130 0.0000 10.738 71.319
18 1 64 3 0.8836 0.0004 0.1160 0.0000 10.016 180.465
18 1 72 3 0.8765 0.0000 0.1235 0.0000 11.073 375.875
18 1 80 3 0.8745 0.0000 0.1255 0.0000 11.492 674.984
18 1 96 3 0.8300 0.0000 0.1700 0.0000 6.819 1477.419
18 1 112 3 0.8000 0.0000 0.2000 0.0000 7.464 4370.847
18 1 128 3 0.8100 0.0000 0.1900 0.0000 8.013 28316.803
27 2 16 3 0.8202 0.1798 0.0000 0.0000 0.290 0.000
27 2 20 3 0.7698 0.2302 0.0000 0.0000 0.628 0.000
27 2 24 3 0.7456 0.2544 0.0000 0.0000 1.412 0.000
27 2 28 3 0.7194 0.2806 0.0000 0.0000 4.595 0.000
27 2 32 3 0.6722 0.2940 0.0338 0.0000 7.040 7.064
27 2 36 3 0.6356 0.2834 0.0810 0.0000 10.040 7.605
27 2 40 3 0.6282 0.2322 0.1396 0.0000 10.461 8.663
27 2 44 3 0.6196 0.2082 0.1722 0.0000 10.584 10.990
27 2 48 3 0.6242 0.1788 0.1970 0.0000 11.234 15.452
27 2 52 3 0.6174 0.1616 0.2210 0.0000 10.601 23.640
27 2 56 3 0.6178 0.1368 0.2454 0.0000 10.447 32.968
27 2 60 3 0.6110 0.1344 0.2546 0.0000 10.646 52.764
27 2 64 3 0.6034 0.1212 0.2754 0.0000 10.959 131.572
27 2 72 3 0.6080 0.1025 0.2895 0.0000 11.956 327.970
27 2 80 3 0.5840 0.0990 0.3170 0.0000 12.824 605.168
27 2 96 3 0.5280 0.0580 0.4140 0.0000 8.178 1355.208
27 2 112 3 0.5200 0.0440 0.4360 0.0000 8.791 4301.163
27 2 128 3 0.5260 0.0460 0.4280 0.0000 9.689 19577.070
54 1 16 3 1.0000 0.0000 0.0000 0.0000 0.274 0.000
54 1 20 3 1.0000 0.0000 0.0000 0.0000 0.617 0.000
54 1 24 3 1.0000 0.0000 0.0000 0.0000 1.292 0.000
54 1 28 3 0.9998 0.0002 0.0000 0.0000 3.472 0.000
54 1 32 3 0.9706 0.0000 0.0294 0.0000 6.457 6.773
54 1 36 3 0.9466 0.0000 0.0534 0.0000 8.413 6.547
54 1 40 3 0.9264 0.0000 0.0736 0.0000 10.005 8.868
54 1 44 3 0.9234 0.0000 0.0766 0.0000 10.081 13.479
54 1 48 3 0.9152 0.0000 0.0848 0.0000 9.909 18.014
54 1 52 3 0.9028 0.0000 0.0972 0.0000 9.757 28.801
54 1 56 3 0.8922 0.0000 0.1078 0.0000 9.334 40.887
54 1 60 3 0.8866 0.0000 0.1134 0.0000 9.633 63.565
54 1 64 3 0.8836 0.0000 0.1164 0.0000 9.899 177.932
54 1 72 3 0.8765 0.0000 0.1235 0.0000 11.405 381.746
54 1 80 3 0.8740 0.0000 0.1260 0.0000 11.113 662.858
54 1 96 3 0.8300 0.0000 0.1700 0.0000 6.493 1435.725
54 1 112 3 0.8000 0.0000 0.2000 0.0000 7.522 5604.961
54 1 128 3 0.8100 0.0000 0.1900 0.0000 7.647 42834.810
